     0      0      0      0      0      0      0      0      0
    50      0      0      0      0      0      0      0      0
   100      0      0      0      0      0      0      0      1
   150      2      0      0      0      0      0      0      2
   200      2      0      0      0      0      0      0      0
   250      7      0      0      0      0      0      0      0
   300     18      1      0      0      0      0      0      8
   350     24      1      0      0      0      0      0     12
   400     59      0      0      0      0      0      0     67
   450    169      3      0      0      0      0      0    164
   500     81      0      0      0      0      0      0     91
   550     98      1      0      0      0      0      0    142
   600    109      0      0      0      0      0      0    128
   650     89      1      0      0      0      0      0     79
   700     77      1      0      0      0      0      0     42
   750     57      0      0      0      0      0      0     27
   800     84      0      0      0      0      0      0     24
   850    182      1      0      0      0      0      0     97
   900    363      1      0      0      0      0      0    279
   950    383      4      0      0      0      0      0    191
  1000    414      1      0      0      0      0      0    298
  1050    252      4      0      0      0      0      0    287
  1100    288      3      0      0      0      0      0    200
  1150    153      1      0      0      0      0      0     69
  1200     83      1      0      0      0      0      0     64
  1250     63      0      0      0      0      0      0     20
  1300     33      0      0      0      0      0      0     10
  1350     30      1      0      0      0      0      0      3
  1400     28      0      0      0      0      0      0     14
  1450     14      0      0      0      0      0      0      3
  1500     16      0      0      0      0      0      0      5
  1550     12      0      0      0      0      0      0      2
  1600     10      0      0      0      0      0      0      4
  1650      4      0      0      0      0      0      0      0
  1700      2      0      0      0      0      0      0      1
  1750      4      0      0      0      0      0      0      2
  1800      2      0      0      0      0      0      0      0
  1850      2      0      0      0      0      0      0      0
  1900      0      0      0      0      0      0      0      0
  1950      1      0      0      0      0      0      0      2
  2000      2      0      0      0      0      0      0      1
  2050      2      0      0      0      0      0      0      0
  2100      1      0      0      0      0      0      0      2
  2150      0      0      0      0      0      0      0      2
  2200      0      0      0      0      0      0      0      0
  2250      0      0      0      0      0      0      0      2
  2300      0      0      0      0      0      0      0      0
  2350      0      0      0      0      0      0      0      1
  2400      0      0      0      0      0      0      0      0
  2450      0      0      0      0      0      0      0      1
  2500     38      6      0      0      0      0      0    237
  2550    139     18      0      0      0      0      0    889
  2600    137     20      0      0      0      0      0    966
  2650    137     21      3      0      0      0      0    906
  2700    139     17      4      0      0      0      0    926
  2750    126     22      2      0      0      0      0    907
  2800    124     10      3      0      0      0      0    834
  2850    132     18      5      0      0      0      0    809
  2900     82      4      7      0      0      0      0    562
  2950      2      1      3      0      0      0      0     23
  3000      1      0      1      0      0      0      0      2
  3050      1      0      2      0      0      0      0      3
  3100      2      0      0      0      0      0      0      5
  3150      0      0      2      0      0      0      0      3
  3200      2      0      0      0      0      0      0      3
  3250      1      0      0      0      0      0      0      0
  3300      2      0      0      0      0      0      0      0
  3350      0      1      0      0      0      0      0      2
  3400      0      0      0      0      0      0      0      0
  3450      1      0      0      0      0      0      0      1
  3500      0      0      0      0      0      0      0      0
  3550      0      0      0      0      0      0      0      0
  3600      1      0      0      0      0      0      0      2
  3650      0      0      0      0      0      0      0      0
  3700      1      0      0      0      0      0      0      1
  3750      1      0      0      0      0      0      0      0
  3800      0      0      0      0      0      0      0      1
  3850      0      0      0      0      0      0      0      0
  3900      1      0      0      0      0      0      0      1
  3950      0      0      0      0      0      0      0      0
  4000      0      0      0      0      0      0      0      0
  4050      0      0      0      0      0      0      0      0
  4100      0      0      0      0      0      0      0      1
  4150      0      0      0      0      0      0      0      2
  4200      0      0      0      0      0      0      0      1
  4250      1      0      0      0      0      0      0      2
  4300      1      0      0      0      0      0      0      0
  4350      0      0      0      0      0      0      0      0
  4400      1      0      0      0      0      0      0      0
  4450      1      0      0      0      0      0      0      1
  4500     25      3      0      0      0      0      0    247
  4550    131     17      0      0      0      0      0    869
  4600    132      8      0      0      0      0      0    945
  4650    130     15      4      0      0      0      0    898
  4700    136     13      1      0      0      0      0    965
  4750    132      4      4      0      0      0      0    800
  4800    100     13      3      0      0      0      0    752
  4850    102     13      1      0      0      0      0    758
  4900     75      4      3      0      0      0      0    548
  4950      4      1      2      0      0      0      0     22
  5000      2      0      5      0      0      0      0      1
  5050      2      0      0      0      0      0      0      3
  5100      0      0      1      0      0      0      0      2
  5150      3      0      0      0      0      0      0      3
  5200      0      0      0      0      0      0      0      0
  5250      3      0      0      0      0      0      0      1
  5300      0      0      0      0      0      0      0      1
  5350      0      0      0      0      0      0      0      4
  5400      0      0      0      0      0      0      0      1
  5450      1      0      0      0      0      0      0      0
  5500      1      0      0      0      0      0      0      0
  5550      0      0      0      0      0      0      0      0
  5600      1      0      0      0      0      0      0      0
  5650      0      0      0      0      0      0      0      1
  5700      0      0      0      0      0      0      0      1
  5750      1      0      0      0      0      0      0      2
  5800      1      0      0      0      0      0      0      0
  5850      2      0      0      0      0      0      0      1
  5900      2      0      0      0      0      0      0      0
  5950      0      0      0      0      0      0      0      1
  6000     41     15      1      0      0      0      0    334
  6050    184     27      0      0      0      0      0   1255
  6100    170     32      0      0      1      0      0   1383
  6150    193     22      2      0      1      0      0   1353
  6200    183     27      1      0      0      0      0   1280
  6250    171     17      2      0      1      0      0   1218
  6300    157     14      6      1      0      0      0   1089
  6350    154     25      1      0      0      0      0   1044
  6400    165     17      6      0      0      0      0   1066
  6450    170     22      2      0      1      0      0   1074
  6500    242     25      3      0      0      0      0   1699
  6550    491     87     10      0      0      0      0   3404
  6600    555     73     10      0      0      0      0   3902
  6650    609     88      8      1      4      0      0   4341
  6700    676     91     19      0      3      0      0   4289
  6750    587     87     10      0      1      0      0   3903
  6800    536     78     15      0      0      0      0   3496
  6850    529     66     14      0      0      0      0   3374
  6900    434     57     11      0      0      0      0   2955
  6950    311     41      7      0      0      0      0   2207
  7000    318     50     10      0      0      0      0   2090
  7050    327     56      9      0      0      0      0   2260
  7100    351     48      9      0      0      0      0   2493
  7150    338     59      5      0      2      0      0   2501
  7200    360     46     13      0      0      0      0   2610
  7250    334     56     13      0      0      0      0   2486
  7300    305     46     10      0      0      1      0   2365
  7350    285     42     10      0      0      0      0   2328
  7400    298     53      7      0      0      0      0   2338
  7450    338     34     10      0      1      0      0   2291
  7500    347     43      6      0      0      0      0   2481
  7550    349     45     10      0      0      0      0   2649
  7600    362     55      6      0      0      0      0   2591
  7650    360     41     13      1      0      0      0   2775
  7700    366     49      4      0      0      0      0   2676
  7750    401     41      0      0      1      0      0   2601
  7800    329     38      0      0      0      0      0   2449
  7850    310     35      0      0      1      0      0   2404
  7900    299     46      0      0      1      0      0   2408
  7950    322     45      0      0      0      0      0   2336
  8000    317     38      0      0      0      0      0   2115
  8050    183     27      0      0      0      0      0   1399
  8100    174     14      0      0      0      0      0   1190
  8150    105     18      0      0      0      0      0    627
  8200     11      0      0      0      0      0      0      0
  8250      2      0      0      0      0      0      0      0
  8300      0      0      0      0      0      0      0      0
  8350      1      0      0      0      0      0      0      0
  8400      0      0      0      0      0      0      0      0
  8450      1      0      0      0      0      0      0      0
  8500      0      0      0      0      0      0      0      0
  8550      0      0      0      0      0      0      0      0
  8600      0      0      0      0      0      0      0      0
  8650      2      0      0      0      0      0      0      0
  8700      0      0      0      0      0      0      0      0
  8750      0      0      0      0      0      0      0      0
  8800      1      0      0      0      0      0      0      0
  8850      1      0      0      0      0      0      0      0
  8900      1      0      0      0      0      0      0      0
  8950      0      0      0      0      0      0      0      0
  9000      0      0      0      0      0      0      0      0
  9050      0      0      0      0      0      0      0      0
  9100      0      0      0      0      0      0      0      0
  9150      0      0      0      0      0      0      0      0
  9200      2      0      0      0      0      0      0      0
  9250      0      0      0      0      0      0      0      0
  9300      0      0      0      0      0      0      0      0
  9350      1      0      0      0      0      0      0      0
  9400      0      0      0      0      0      0      0      0
  9450      0      0      0      0      0      0      0      0
  9500      0      0      0      0      0      0      0      0
  9550      1      1      0      0      0      0      0      0
  9600      2      0      0      0      0      0      0      0
  9650      0      0      0      0      0      0      0      0
  9700      1      0      0      0      0      0      0      0
  9750      1      0      0      0      0      0      0      0
  9800      0      0      0      0      0      0      0      0
  9850      2      0      0      0      0      0      0      0
  9900      1      0      0      0      0      0      0      0
  9950      0      0      0      0      0      0      0      0
 10000      0      0      0      0      0      0      0      0
 10050      0      0      0      0      0      0      0      0
 10100      0      0      0      0      0      0      0      0
 10150      0      0      0      0      0      0      0      0
 10200      0      0      0      0      0      0      0      0
 10250      0      0      0      0      0      0      0      0
 10300      0      0      0      0      0      0      0      0
 10350      0      0      0      0      0      0      0      0
 10400      0      0      0      0      0      0      0      0
 10450      0      0      0      0      0      0      0      0
 10500      0      0      0      0      0      0      0      0
 10550      0      0      0      0      0      0      0      0
 10600      0      0      0      0      0      0      0      0
 10650      0      0      0      0      0      0      0      0
 10700      0      0      0      0      0      0      0      0
 10750      0      0      0      0      0      0      0      0
 10800      0      0      0      0      0      0      0      0
 10850      0      0      0      0      0      0      0      0
 10900      0      0      0      0      0      0      0      0
 10950      0      0      0      0      0      0      0      0
 11000      0      0      0      0      0      0      0      0
 11050      0      0      0      0      0      0      0      0
 11100      0      0      0      0      0      0      0      0
 11150      0      0      0      0      0      0      0      0
 11200      0      0      0      0      0      0      0      0
 11250      0      0      0      0      0      0      0      0
 11300      0      0      0      0      0      0      0      0
 11350      0      0      0      0      0      0      0      0
 11400      0      0      0      0      0      0      0      0
 11450      0      0      0      0      0      0      0      0
 11500      0      0      0      0      0      0      0      0
 11550      0      0      0      0      0      0      0      0
 11600      0      0      0      0      0      0      0      0
 11650      0      0      0      0      0      0      0      0
 11700      0      0      0      0      0      0      0      0
 11750      0      0      0      0      0      0      0      0
 11800      0      0      0      0      0      0      0      0
 11850      0      0      0      0      0      0      0      0
 11900      0      0      0      0      0      0      0      0
 11950      0      0      0      0      0      0      0      0
 12000      0      0      0      0      0      0      0      0
