      1      0      1      0      1      0      1      0      1      0      1      0      1      0      1      0
      2      0      2      0      2      0      2      0      2      0      2      0      2      0      2      0
      3      0      3      0      3      0      3      0      3      0      3      0      3      0      3      0
      4      0      4      0      4      0      4      0      4      0      4      0      4      0      4      0
      5      0      5      0      5      0      5      0      5      0      5      0      5      0      5      0
      6      0      6      0      6      0      6      0      6      0      6      0      6      0      6      0
      7      0      7      1      7      0      7      0      7      0      7      0      7      0      7      0
      8      0      8      5      8      0      8      0      8      0      8      0      8      0      8      0
      9      0      9      1      9      0      9      0      9      0      9      0      9      0      9      0
     10      0     10      2     10      0     10      0     10      0     10      0     10      0     10      0
     11      0     11      3     11      0     11      0     11      0     11      0     11      0     11      0
     12      0     12      4     12      0     12      0     12      0     12      0     12      0     12      0
     13      0     13      5     13      0     13      0     13      0     13      0     13      0     13      0
     14      0     14      8     14      0     14      0     14      0     14      0     14      0     14      0
     15      0     15      9     15      0     15      0     15      0     15      0     15      0     15      0
     16      0     16      9     16     99     16      0     16      0     16      0     16      0     16      0
     17      0     17     12     17     65     17      0     17      0     17      0     17      0     17      0
     18      7     18     13     18     35     18      0     18      0     18      0     18      0     18      2
     19     66     19     15     19     26     19      0     19      0     19      0     19      0     19      3
     20    219     20     19     20     26     20      0     20      0     20      0     20      0     20      7
     21    356     21     16     21     15     21      0     21      0     21      0     21      0     21      4
     22    379     22     17     22     12     22      0     22      0     22      0     22      0     22      6
     23    424     23     17     23      6     23      0     23      0     23      0     23      0     23      9
     24    459     24     24     24      9     24      0     24      0     24      0     24      0     24     13
     25    434     25     21     25      7     25      0     25      0     25      0     25      0     25     18
     26    471     26     27     26      4     26      0     26      0     26      0     26      0     26     27
     27    447     27     38     27      3     27      0     27      0     27      0     27      0     27     63
     28    514     28     33     28      4     28      0     28      0     28      0     28      0     28    112
     29    539     29     38     29      1     29      0     29      0     29      0     29      0     29    190
     30    532     30     35     30      1     30      0     30      0     30      0     30      0     30    338
     31    522     31     47     31      3     31      0     31      0     31      0     31      0     31    442
     32    373     32     37     32      0     32      0     32      0     32      0     32      0     32    569
     33    346     33     41     33      2     33      0     33      0     33      0     33      0     33    674
     34    340     34     50     34      0     34      0     34      0     34      0     34      0     34    863
     35    324     35     34     35      0     35      0     35      0     35      0     35      0     35   1039
     36    278     36     48     36      0     36      0     36      0     36      0     36      0     36   1101
     37    284     37     47     37      0     37      0     37      0     37      0     37      0     37   1278
     38    259     38     53     38      1     38      0     38      0     38      0     38      0     38   1282
     39    241     39     58     39      0     39      0     39      0     39      0     39      0     39   1381
     40    228     40     60     40      0     40      0     40      0     40      0     40      0     40   1408
     41    195     41     51     41      0     41      0     41      0     41      0     41      0     41   1394
     42    205     42     48     42      0     42      0     42      0     42      0     42      0     42   1333
     43    219     43     32     43      0     43      0     43      0     43      0     43      0     43   1332
     44    233     44     27     44      0     44      0     44      0     44      0     44      0     44   1310
     45    194     45     27     45      0     45      0     45      0     45      0     45      0     45   1260
     46    188     46     34     46      0     46      0     46      0     46      0     46      0     46   1299
     47    192     47     15     47      0     47      0     47      0     47      0     47      0     47   1243
     48    250     48     17     48      0     48      0     48      0     48      0     48      0     48   1211
     49    227     49     14     49      0     49      0     49      0     49      0     49      0     49   1175
     50    162     50     13     50      0     50      0     50      0     50      0     50      0     50   1168
     51    178     51      6     51      0     51      0     51      0     51      0     51      0     51   1131
     52    210     52     12     52      0     52      0     52      0     52      1     52      0     52   1092
     53    234     53     10     53      0     53      1     53      0     53      0     53      0     53   1094
     54    171     54      8     54      0     54      0     54      0     54      0     54      0     54   1101
     55    146     55      7     55      0     55      0     55      0     55      0     55      0     55   1056
     56    127     56     11     56      0     56      1     56      0     56      0     56      0     56   1116
     57    143     57      8     57      0     57      0     57      0     57      0     57      0     57   1082
     58    117     58      6     58      0     58      0     58      0     58      0     58      0     58   1057
     59    132     59      3     59      0     59      0     59      0     59      0     59      0     59   1028
     60    132     60      7     60      0     60      0     60      0     60      0     60      0     60   1082
     61    136     61      6     61      0     61      0     61      0     61      0     61      0     61   1053
     62    106     62      7     62      0     62      0     62      0     62      0     62      0     62   1001
     63    116     63      6     63      0     63      0     63      0     63      0     63      0     63   1005
     64    106     64      3     64      0     64      0     64      0     64      0     64      0     64   1028
     65    118     65      5     65      0     65      0     65      0     65      0     65      0     65    995
     66    118     66      3     66      0     66      0     66      0     66      0     66      0     66   1037
     67     88     67      6     67      0     67      0     67      0     67      0     67      0     67   1020
     68    107     68      5     68      0     68      0     68      0     68      0     68      0     68   1014
     69    112     69      3     69      0     69      0     69      0     69      0     69      0     69   1073
     70     79     70      5     70      0     70      0     70      1     70      0     70      0     70   1081
     71     92     71      6     71      0     71      0     71      0     71      0     71      0     71   1033
     72     88     72      4     72      0     72      0     72      0     72      0     72      0     72   1003
     73     96     73      5     73      0     73      0     73      0     73      0     73      0     73    980
     74     95     74      2     74      0     74      0     74      0     74      0     74      0     74   1001
     75     80     75      2     75      0     75      0     75      0     75      0     75      0     75    985
     76     85     76      2     76      0     76      0     76      0     76      0     76      0     76    998
     77     84     77      1     77      0     77      1     77      0     77      0     77      0     77   1071
     78     75     78      5     78      0     78      0     78      0     78      0     78      0     78    991
     79     68     79      5     79      0     79      0     79      0     79      0     79      0     79    996
     80     66     80      5     80      0     80      0     80      0     80      0     80      0     80    932
     81     71     81      1     81      0     81      0     81      0     81      0     81      0     81   1025
     82     61     82      1     82      0     82      0     82      0     82      0     82      0     82   1028
     83     71     83      2     83      0     83      0     83      0     83      0     83      0     83   1024
     84     60     84      1     84      0     84      0     84      0     84      0     84      0     84    993
     85     70     85      5     85      0     85      0     85      0     85      0     85      0     85   1009
     86     68     86      0     86      0     86      0     86      0     86      0     86      0     86   1004
     87     68     87      3     87      0     87      0     87      0     87      0     87      0     87    984
     88     79     88      3     88      0     88      0     88      0     88      0     88      0     88   1004
     89     82     89      2     89      0     89      0     89      0     89      0     89      0     89    979
     90     80     90      3     90      0     90      0     90      0     90      0     90      0     90   1042
     91     70     91      4     91      0     91      0     91      0     91      0     91      0     91    957
     92     63     92      4     92      0     92      0     92      0     92      0     92      0     92    963
     93     60     93      3     93      0     93      0     93      0     93      0     93      0     93    938
     94     64     94      3     94      0     94      0     94      0     94      0     94      0     94   1012
     95     57     95      5     95      0     95      0     95      0     95      0     95      0     95    948
     96     49     96      7     96      0     96      0     96      0     96      0     96      0     96    979
     97     48     97      7     97      0     97      0     97      0     97      0     97      0     97    952
     98     47     98      7     98      0     98      0     98      0     98      0     98      0     98    979
     99     41     99     11     99      0     99      0     99      0     99      0     99      0     99    937
    100     49    100     11    100      0    100      0    100      0    100      0    100      0    100    927
    101     46    101     13    101      0    101      0    101      0    101      0    101      0    101    986
    102     35    102     15    102      0    102      0    102      0    102      0    102      0    102    910
    103     37    103     15    103      0    103      0    103      0    103      0    103      0    103    925
    104     52    104     25    104      0    104      0    104      0    104      0    104      0    104    894
    105     49    105     13    105      0    105      0    105      0    105      0    105      0    105    888
    106     40    106     13    106      0    106      0    106      0    106      0    106      0    106    907
    107     41    107      6    107      0    107      0    107      0    107      0    107      0    107    886
    108     45    108     15    108      0    108      0    108      0    108      0    108      0    108    836
    109     50    109      9    109      0    109      0    109      0    109      0    109      0    109    853
    110     39    110     10    110      0    110      0    110      0    110      0    110      0    110    781
    111     50    111     15    111      0    111      0    111      0    111      0    111      0    111    826
    112     39    112      9    112      0    112      0    112      0    112      0    112      0    112    854
    113     37    113      6    113      0    113      0    113      0    113      0    113      0    113    842
    114     52    114      3    114      0    114      0    114      0    114      0    114      0    114    805
    115     32    115     10    115      0    115      0    115      0    115      0    115      0    115    805
    116     51    116      3    116      0    116      0    116      0    116      0    116      0    116    769
    117     57    117      3    117      0    117      0    117      0    117      0    117      0    117    775
    118     39    118      1    118      0    118      0    118      0    118      0    118      0    118    759
    119     34    119      2    119      0    119      0    119      0    119      0    119      0    119    729
    120     36    120      0    120      0    120      0    120      0    120      0    120      0    120    745
    121     45    121      2    121      0    121      0    121      0    121      0    121      0    121    702
    122     37    122      2    122      0    122      0    122      0    122      0    122      0    122    758
    123     29    123      0    123      0    123      0    123      0    123      0    123      0    123    707
    124     49    124      1    124      0    124      0    124      0    124      0    124      0    124    742
    125     51    125      0    125      0    125      0    125      0    125      0    125      0    125    750
    126     48    126      0    126      0    126      0    126      0    126      0    126      0    126    690
    127     33    127      0    127      0    127      0    127      0    127      0    127      0    127    648
    128     34    128      0    128      0    128      0    128      0    128      0    128      0    128    695
    129     51    129      1    129      0    129      0    129      0    129      0    129      0    129    645
    130     34    130      0    130      0    130      0    130      0    130      0    130      0    130    629
    131     37    131      1    131      0    131      0    131      0    131      0    131      0    131    632
    132     50    132      1    132      0    132      0    132      0    132      0    132      0    132    625
    133     41    133      0    133      0    133      0    133      0    133      0    133      0    133    571
    134     24    134      0    134      0    134      0    134      0    134      0    134      0    134    563
    135     29    135      0    135      0    135      0    135      0    135      0    135      0    135    604
    136     39    136      0    136      0    136      0    136      0    136      0    136      0    136    573
    137     31    137      0    137      0    137      0    137      0    137      0    137      0    137    573
    138     33    138      0    138      0    138      0    138      0    138      0    138      0    138    574
    139     39    139      0    139      0    139      0    139      0    139      0    139      0    139    567
    140     30    140      0    140      0    140      0    140      0    140      0    140      0    140    557
    141     39    141      0    141      0    141      0    141      0    141      0    141      0    141    574
    142     31    142      1    142      0    142      0    142      0    142      0    142      0    142    526
    143     31    143      0    143      0    143      0    143      0    143      0    143      0    143    498
    144     29    144      0    144      0    144      0    144      0    144      0    144      0    144    490
    145     22    145      1    145      0    145      0    145      0    145      0    145      0    145    469
    146     25    146      0    146      0    146      0    146      0    146      0    146      0    146    471
    147     19    147      0    147      0    147      0    147      0    147      0    147      0    147    482
    148     21    148      0    148      0    148      0    148      0    148      0    148      0    148    421
    149     27    149      0    149      0    149      0    149      0    149      0    149      0    149    399
    150     25    150      0    150      0    150      0    150      0    150      0    150      0    150    396
    151     23    151      0    151      0    151      0    151      0    151      0    151      0    151    374
    152     25    152      0    152      0    152      0    152      0    152      0    152      0    152    407
    153     16    153      0    153      0    153      0    153      0    153      0    153      0    153    350
    154     18    154      0    154      0    154      0    154      0    154      0    154      0    154    327
    155     27    155      0    155      0    155      0    155      0    155      0    155      0    155    339
    156     24    156      0    156      0    156      0    156      0    156      0    156      0    156    289
    157     22    157      0    157      0    157      0    157      0    157      0    157      0    157    262
    158     21    158      0    158      0    158      0    158      0    158      0    158      0    158    302
    159     20    159      0    159      0    159      0    159      0    159      0    159      0    159    266
    160     23    160      0    160      0    160      0    160      0    160      0    160      0    160    224
    161     25    161      0    161      0    161      0    161      0    161      0    161      0    161    244
    162     24    162      0    162      0    162      0    162      0    162      0    162      0    162    210
    163     26    163      0    163      0    163      0    163      0    163      0    163      0    163    201
    164     19    164      0    164      0    164      0    164      0    164      0    164      0    164    170
    165     18    165      0    165      0    165      0    165      0    165      0    165      0    165    150
    166     19    166      0    166      0    166      0    166      0    166      0    166      0    166    142
    167     22    167      0    167      0    167      0    167      0    167      0    167      0    167    135
    168     21    168      0    168      0    168      0    168      0    168      0    168      0    168    106
    169     15    169      0    169      0    169      0    169      0    169      0    169      0    169    128
    170     16    170      0    170      0    170      0    170      0    170      0    170      0    170    101
    171     14    171      0    171      0    171      0    171      0    171      0    171      0    171     99
    172     17    172      0    172      0    172      0    172      0    172      0    172      0    172     80
    173     30    173      0    173      0    173      0    173      0    173      0    173      0    173     86
    174     23    174      0    174      0    174      0    174      0    174      0    174      0    174     72
    175     12    175      0    175      0    175      0    175      0    175      0    175      0    175     70
    176     19    176      0    176      0    176      0    176      0    176      0    176      0    176     69
    177     17    177      0    177      0    177      0    177      0    177      0    177      0    177     34
    178     12    178      0    178      0    178      0    178      0    178      0    178      0    178     48
    179     15    179      0    179      0    179      0    179      0    179      0    179      0    179     45
    180     16    180      0    180      0    180      0    180      0    180      0    180      0    180     28
    181     16    181      0    181      0    181      0    181      0    181      0    181      0    181     34
    182     15    182      0    182      0    182      0    182      0    182      0    182      0    182     34
    183     18    183      0    183      0    183      0    183      0    183      0    183      0    183     31
    184     19    184      0    184      0    184      0    184      0    184      0    184      0    184     21
    185     20    185      0    185      0    185      0    185      0    185      0    185      0    185     15
    186     15    186      0    186      0    186      0    186      0    186      0    186      0    186     10
    187     23    187      0    187      0    187      0    187      0    187      0    187      0    187     15
    188     14    188      0    188      0    188      0    188      0    188      0    188      0    188     13
    189     15    189      0    189      0    189      0    189      0    189      0    189      0    189     13
    190     18    190      0    190      0    190      0    190      0    190      0    190      0    190     12
    191     24    191      0    191      0    191      0    191      0    191      0    191      0    191      4
    192     11    192      0    192      0    192      0    192      0    192      0    192      0    192      7
    193     16    193      0    193      0    193      0    193      0    193      0    193      0    193      1
    194     14    194      0    194      0    194      0    194      0    194      0    194      0    194      8
    195     11    195      0    195      0    195      0    195      0    195      0    195      0    195      2
    196     12    196      0    196      0    196      0    196      0    196      0    196      0    196      2
    197     15    197      0    197      0    197      0    197      0    197      0    197      0    197      3
    198     14    198      0    198      0    198      0    198      0    198      0    198      0    198      2
    199     21    199      0    199      0    199      0    199      0    199      0    199      0    199      3
    200     15    200      0    200      0    200      0    200      0    200      0    200      0    200      0
    201     20    201      0    201      0    201      0    201      0    201      0    201      0    201      0
    202     10    202      0    202      0    202      0    202      0    202      0    202      0    202      4
    203     16    203      0    203      0    203      0    203      0    203      0    203      0    203      0
    204     16    204      0    204      0    204      0    204      0    204      0    204      0    204      1
    205     22    205      0    205      0    205      0    205      0    205      0    205      0    205      0
    206     11    206      0    206      0    206      0    206      0    206      0    206      0    206      3
    207     18    207      0    207      0    207      0    207      0    207      0    207      0    207      1
    208     12    208      0    208      0    208      0    208      1    208      0    208      0    208      0
    209     12    209      0    209      0    209      0    209      0    209      0    209      0    209      2
    210      9    210      0    210      0    210      0    210      0    210      0    210      0    210      2
    211     14    211      0    211      0    211      0    211      0    211      0    211      0    211      2
    212     11    212      0    212      0    212      0    212      0    212      0    212      0    212      1
    213     18    213      0    213      0    213      0    213      0    213      0    213      0    213      0
    214     20    214      0    214      0    214      0    214      0    214      0    214      0    214      1
    215     10    215      0    215      0    215      0    215      0    215      0    215      0    215      2
    216     16    216      0    216      0    216      0    216      0    216      0    216      0    216      1
    217     11    217      0    217      0    217      0    217      0    217      0    217      0    217      2
    218     13    218      0    218      0    218      0    218      0    218      0    218      0    218      0
    219     15    219      0    219      0    219      0    219      0    219      0    219      0    219      0
    220     12    220      0    220      0    220      0    220      0    220      0    220      0    220      3
    221      3    221      0    221      0    221      0    221      0    221      0    221      0    221      2
    222     17    222      0    222      0    222      0    222      0    222      0    222      0    222      0
    223     13    223      0    223      0    223      0    223      0    223      0    223      0    223      1
    224     16    224      0    224      0    224      0    224      1    224      0    224      0    224      1
    225     15    225      0    225      0    225      0    225      0    225      0    225      0    225      3
    226     14    226      0    226      0    226      0    226      0    226      0    226      0    226      1
    227     14    227      0    227      0    227      0    227      0    227      0    227      0    227      0
    228     18    228      0    228      0    228      0    228      1    228      0    228      0    228      2
    229     12    229      0    229      0    229      0    229      0    229      0    229      0    229      2
    230     14    230      0    230      0    230      0    230      0    230      0    230      0    230      0
    231      7    231      0    231      0    231      0    231      0    231      0    231      0    231      2
    232     10    232      0    232      0    232      0    232      0    232      0    232      0    232      0
    233     11    233      0    233      0    233      0    233      0    233      0    233      0    233      0
    234      8    234      0    234      0    234      0    234      0    234      0    234      0    234      1
    235     16    235      0    235      0    235      0    235      0    235      0    235      0    235      2
    236     10    236      0    236      0    236      0    236      0    236      0    236      0    236      1
    237     13    237      0    237      0    237      0    237      0    237      0    237      0    237      1
    238      5    238      0    238      0    238      0    238      0    238      0    238      0    238      2
    239      8    239      0    239      0    239      0    239      0    239      0    239      0    239      1
    240      6    240      0    240      0    240      0    240      0    240      0    240      0    240      0
    241     12    241      0    241      0    241      0    241      0    241      0    241      0    241      1
    242     11    242      0    242      0    242      0    242      0    242      0    242      0    242      0
    243      9    243      0    243      0    243      0    243      1    243      0    243      0    243      0
    244     11    244      0    244      0    244      0    244      0    244      0    244      0    244      0
    245     10    245      0    245      0    245      0    245      0    245      0    245      0    245      0
    246     13    246      0    246      0    246      0    246      0    246      0    246      0    246      1
    247     15    247      0    247      0    247      0    247      0    247      0    247      0    247      0
    248     16    248      0    248      0    248      0    248      0    248      0    248      0    248      3
    249      7    249      0    249      0    249      0    249      0    249      0    249      0    249      0
    250      9    250      0    250      0    250      0    250      0    250      0    250      0    250      1
    251     15    251      0    251      0    251      0    251      0    251      0    251      0    251      1
    252      9    252      0    252      0    252      0    252      0    252      0    252      0    252      0
    253      8    253      0    253      0    253      0    253      0    253      0    253      0    253      0
    254     10    254      0    254      0    254      0    254      0    254      0    254      0    254      0
    255     10    255      0    255      0    255      0    255      0    255      0    255      0    255      0
    256     13    256      0    256      0    256      0    256      0    256      0    256      0    256      2
    257     15    257      0    257      0    257      0    257      0    257      0    257      0    257      0
    258     11    258      0    258      0    258      0    258      0    258      0    258      0    258      0
    259      4    259      0    259      0    259      0    259      0    259      0    259      0    259      2
    260     14    260      0    260      0    260      0    260      0    260      0    260      0    260      0
    261     15    261      0    261      0    261      0    261      0    261      0    261      0    261      0
    262      9    262      0    262      0    262      0    262      0    262      0    262      0    262      0
    263     11    263      0    263      0    263      0    263      0    263      0    263      0    263      2
    264     11    264      0    264      0    264      0    264      0    264      0    264      0    264      0
    265     19    265      0    265      0    265      0    265      0    265      0    265      0    265      1
    266     19    266      0    266      0    266      0    266      0    266      0    266      0    266      0
    267     12    267      0    267      0    267      0    267      0    267      0    267      0    267      0
    268     11    268      0    268      0    268      0    268      0    268      0    268      0    268      1
    269     15    269      0    269      0    269      0    269      0    269      0    269      0    269      0
    270     13    270      0    270      0    270      0    270      0    270      0    270      0    270      0
    271      6    271      0    271      0    271      0    271      0    271      0    271      0    271      1
    272      4    272      0    272      0    272      0    272      0    272      0    272      0    272      0
    273      8    273      0    273      0    273      0    273      0    273      0    273      0    273      0
    274     12    274      0    274      0    274      0    274      0    274      0    274      0    274      0
    275     12    275      0    275      0    275      0    275      0    275      0    275      0    275      0
    276     11    276      0    276      0    276      0    276      0    276      0    276      0    276      1
    277      9    277      0    277      0    277      0    277      0    277      0    277      0    277      1
    278     15    278      0    278      0    278      0    278      0    278      0    278      0    278      1
    279     10    279      0    279      0    279      0    279      0    279      0    279      0    279      0
    280     10    280      0    280      0    280      0    280      0    280      0    280      0    280      1
    281     12    281      0    281      0    281      0    281      0    281      0    281      0    281      0
    282      8    282      0    282      0    282      0    282      0    282      0    282      0    282      1
    283     19    283      0    283      0    283      0    283      0    283      0    283      0    283      0
    284     10    284      0    284      0    284      0    284      0    284      0    284      0    284      0
    285      8    285      0    285      0    285      0    285      0    285      0    285      0    285      1
    286     10    286      0    286      0    286      0    286      0    286      0    286      0    286      0
    287     14    287      0    287      0    287      0    287      0    287      0    287      0    287      0
    288     16    288      0    288      0    288      0    288      0    288      0    288      0    288      1
    289     10    289      0    289      0    289      0    289      0    289      0    289      0    289      1
    290      7    290      0    290      0    290      0    290      0    290      0    290      0    290      0
    291      2    291      0    291      0    291      0    291      0    291      0    291      0    291      0
    292      7    292      0    292      0    292      0    292      0    292      0    292      0    292      0
    293      7    293      0    293      0    293      0    293      0    293      0    293      0    293      0
    294     11    294      0    294      0    294      0    294      0    294      0    294      0    294      1
    295     15    295      0    295      0    295      0    295      0    295      0    295      0    295      0
    296     10    296      0    296      0    296      0    296      0    296      0    296      0    296      0
    297     12    297      0    297      0    297      0    297      0    297      0    297      0    297      0
    298      8    298      0    298      0    298      0    298      0    298      0    298      0    298      1
    299     10    299      0    299      0    299      0    299      0    299      0    299      0    299      0
    300      4    300      0    300      0    300      0    300      0    300      0    300      0    300      0
    301      7    301      0    301      0    301      0    301      0    301      0    301      0    301      1
    302      7    302      0    302      0    302      0    302      0    302      0    302      0    302      0
    303      6    303      0    303      0    303      0    303      0    303      0    303      0    303      0
    304      6    304      0    304      0    304      0    304      0    304      0    304      0    304      1
    305      5    305      0    305      0    305      0    305      0    305      0    305      0    305      1
    306      7    306      0    306      0    306      0    306      0    306      0    306      0    306      0
    307     10    307      0    307      0    307      0    307      0    307      0    307      0    307      0
    308      8    308      0    308      0    308      0    308      0    308      0    308      0    308      0
    309     12    309      0    309      0    309      0    309      0    309      0    309      0    309      0
    310     11    310      0    310      0    310      0    310      0    310      0    310      0    310      0
    311      8    311      0    311      0    311      0    311      0    311      0    311      0    311      0
    312     11    312      0    312      0    312      0    312      0    312      0    312      0    312      0
    313      8    313      0    313      0    313      0    313      0    313      0    313      0    313      0
    314      8    314      0    314      0    314      0    314      0    314      0    314      0    314      0
    315      4    315      0    315      0    315      0    315      0    315      0    315      0    315      0
    316      7    316      0    316      0    316      0    316      0    316      0    316      0    316      4
    317      7    317      0    317      0    317      0    317      0    317      0    317      0    317      9
    318      6    318      0    318      0    318      0    318      0    318      0    318      0    318     23
    319      7    319      0    319      0    319      0    319      1    319      0    319      0    319     16
    320     14    320      0    320      0    320      0    320      0    320      0    320      0    320     28
    321      6    321      0    321      0    321      0    321      0    321      0    321      0    321     20
    322      5    322      0    322      0    322      0    322      0    322      0    322      0    322     20
    323      9    323      0    323      0    323      0    323      0    323      0    323      0    323     16
    324      9    324      0    324      0    324      0    324      0    324      0    324      0    324     17
    325      5    325      0    325      0    325      0    325      0    325      0    325      0    325     20
    326     10    326      0    326      0    326      0    326      0    326      0    326      0    326     20
    327     12    327      0    327      0    327      0    327      0    327      0    327      0    327     15
    328     10    328      0    328      0    328      0    328      0    328      0    328      0    328     18
    329      9    329      0    329      0    329      0    329      0    329      0    329      0    329     27
    330     10    330      0    330      0    330      0    330      0    330      0    330      0    330     23
    331     10    331      0    331      0    331      0    331      0    331      0    331      0    331     18
    332      5    332      0    332      0    332      0    332      0    332      0    332      0    332     20
    333     10    333      0    333      0    333      0    333      0    333      0    333      0    333     21
    334      5    334      0    334      0    334      0    334      0    334      0    334      0    334     20
    335      3    335      0    335      0    335      0    335      0    335      0    335      0    335     20
    336      6    336      0    336      0    336      0    336      0    336      0    336      0    336     19
    337      5    337      0    337      0    337      0    337      0    337      0    337      0    337     18
    338     10    338      0    338      0    338      0    338      0    338      0    338      0    338     15
    339      7    339      0    339      0    339      0    339      0    339      0    339      0    339     13
    340      8    340      0    340      0    340      0    340      0    340      0    340      0    340     21
    341      5    341      0    341      0    341      0    341      0    341      0    341      0    341     15
    342      6    342      0    342      0    342      0    342      0    342      0    342      0    342     16
    343      7    343      0    343      0    343      0    343      0    343      0    343      0    343     23
    344      2    344      0    344      0    344      0    344      0    344      0    344      0    344     19
    345      4    345      0    345      0    345      0    345      0    345      0    345      0    345     12
    346      9    346      0    346      0    346      0    346      0    346      0    346      0    346     13
    347      4    347      0    347      0    347      0    347      1    347      0    347      0    347     16
    348      7    348      0    348      0    348      0    348      0    348      0    348      0    348     21
    349      8    349      0    349      0    349      0    349      0    349      0    349      0    349     24
    350      3    350      0    350      0    350      0    350      0    350      0    350      0    350     19
    351      2    351      0    351      0    351      0    351      0    351      0    351      0    351     14
    352      5    352      0    352      0    352      0    352      0    352      0    352      0    352     14
    353      3    353      0    353      0    353      0    353      0    353      0    353      0    353     19
    354      6    354      0    354      0    354      0    354      0    354      0    354      0    354     17
    355      8    355      0    355      0    355      0    355      0    355      0    355      0    355     11
    356      4    356      0    356      0    356      0    356      0    356      0    356      0    356     17
    357      7    357      0    357      0    357      0    357      0    357      0    357      0    357     21
    358      5    358      0    358      0    358      0    358      0    358      0    358      0    358     14
    359      4    359      0    359      0    359      0    359      0    359      0    359      0    359     20
    360      6    360      0    360      0    360      0    360      0    360      0    360      0    360     14
    361      4    361      0    361      0    361      0    361      0    361      0    361      0    361     16
    362      1    362      0    362      0    362      0    362      0    362      0    362      0    362     25
    363      5    363      0    363      0    363      0    363      0    363      0    363      0    363     21
    364      3    364      0    364      0    364      0    364      0    364      0    364      0    364     11
    365      4    365      0    365      0    365      0    365      0    365      0    365      0    365     14
    366      3    366      0    366      0    366      0    366      0    366      0    366      0    366     10
    367      3    367      0    367      0    367      0    367      0    367      0    367      0    367     19
    368      1    368      0    368      0    368      0    368      0    368      0    368      0    368     18
    369      3    369      0    369      0    369      0    369      0    369      0    369      0    369     11
    370      1    370      0    370      0    370      0    370      0    370      0    370      0    370     10
    371      2    371      0    371      0    371      0    371      1    371      0    371      0    371      9
    372      3    372      0    372      0    372      0    372      0    372      0    372      0    372     21
    373      1    373      0    373      0    373      0    373      0    373      0    373      0    373     12
    374      1    374      0    374      0    374      0    374      0    374      0    374      0    374     14
    375      1    375      0    375      0    375      0    375      0    375      0    375      0    375      8
    376      0    376      0    376      0    376      0    376      0    376      0    376      0    376     13
    377      0    377      0    377      0    377      0    377      0    377      0    377      0    377     14
    378      4    378      0    378      0    378      0    378      0    378      0    378      0    378      2
    379      1    379      0    379      0    379      0    379      0    379      0    379      0    379      0
    380      0    380      0    380      0    380      0    380      0    380      0    380      0    380      0
    381      1    381      0    381      0    381      0    381      0    381      0    381      0    381      0
    382      2    382      0    382      0    382      0    382      0    382      0    382      0    382      0
    383      6    383      0    383      0    383      0    383      0    383      0    383      0    383      0
    384      0    384      0    384      0    384      0    384      0    384      0    384      0    384      0
    385      2    385      0    385      0    385      0    385      0    385      0    385      0    385      0
    386      3    386      0    386      0    386      0    386      0    386      0    386      0    386      0
    387      0    387      0    387      0    387      0    387      0    387      0    387      0    387      0
    388      0    388      0    388      0    388      0    388      0    388      0    388      0    388      0
    389      1    389      0    389      0    389      0    389      0    389      0    389      0    389      0
    390      0    390      0    390      0    390      0    390      0    390      0    390      0    390      0
    391      3    391      0    391      0    391      0    391      0    391      0    391      0    391      0
    392      1    392      0    392      0    392      0    392      0    392      0    392      0    392      0
    393      0    393      0    393      0    393      0    393      0    393      0    393      0    393      0
    394      1    394      0    394      0    394      0    394      0    394      0    394      0    394      0
    395      0    395      0    395      0    395      0    395      0    395      0    395      0    395      0
    396      1    396      0    396      0    396      0    396      0    396      0    396      0    396      0
    397      1    397      0    397      0    397      0    397      0    397      0    397      0    397      0
    398      1    398      0    398      0    398      0    398      0    398      0    398      0    398      0
    399      0    399      0    399      0    399      0    399      0    399      0    399      0    399      0
    400      0    400      0    400      0    400      0    400      0    400      0    400      0    400      0
    401      0    401      0    401      0    401      0    401      0    401      0    401      0    401      0
    402      0    402      0    402      0    402      0    402      0    402      0    402      0    402      0
    403      0    403      0    403      0    403      0    403      0    403      0    403      0    403      0
    404      1    404      0    404      0    404      0    404      0    404      0    404      0    404      0
    405      1    405      0    405      0    405      0    405      0    405      0    405      0    405      0
    406      0    406      0    406      0    406      0    406      0    406      0    406      0    406      0
    407      0    407      0    407      0    407      0    407      0    407      0    407      0    407      0
    408      0    408      0    408      0    408      0    408      0    408      0    408      0    408      0
    409      0    409      0    409      0    409      0    409      0    409      0    409      0    409      0
    410      0    410      0    410      0    410      0    410      0    410      0    410      0    410      0
    411      1    411      0    411      0    411      0    411      0    411      0    411      0    411      0
    412      0    412      0    412      0    412      0    412      0    412      0    412      0    412      0
    413      0    413      0    413      0    413      0    413      0    413      0    413      0    413      0
    414      0    414      0    414      0    414      0    414      0    414      0    414      0    414      0
    415      0    415      0    415      0    415      0    415      0    415      0    415      0    415      0
    416      0    416      0    416      0    416      0    416      0    416      0    416      0    416      0
    417      0    417      0    417      0    417      0    417      0    417      0    417      0    417      0
    418      0    418      0    418      0    418      0    418      0    418      0    418      0    418      0
    419      1    419      0    419      0    419      0    419      0    419      0    419      0    419      0
    420      0    420      0    420      0    420      0    420      0    420      0    420      0    420      0
    421      0    421      0    421      0    421      0    421      0    421      0    421      0    421      0
    422      0    422      0    422      0    422      0    422      0    422      0    422      0    422      0
    423      0    423      0    423      0    423      0    423      0    423      0    423      0    423      0
    424      0    424      0    424      0    424      0    424      0    424      0    424      0    424      0
    425      0    425      0    425      0    425      0    425      0    425      0    425      0    425      0
    426      1    426      0    426      0    426      0    426      0    426      0    426      0    426      0
    427      0    427      0    427      0    427      0    427      0    427      0    427      0    427      0
    428      0    428      0    428      0    428      0    428      0    428      0    428      0    428      0
    429      0    429      0    429      0    429      0    429      0    429      0    429      0    429      0
    430      0    430      0    430      0    430      0    430      0    430      0    430      0    430      0
    431      0    431      0    431      0    431      0    431      0    431      0    431      0    431      0
    432      0    432      0    432      0    432      0    432      0    432      0    432      0    432      0
    433      0    433      0    433      0    433      0    433      0    433      0    433      0    433      0
    434      0    434      0    434      0    434      0    434      0    434      0    434      0    434      0
    435      0    435      0    435      0    435      0    435      1    435      0    435      0    435      0
    436      0    436      0    436      0    436      0    436      0    436      0    436      0    436      0
    437      0    437      0    437      0    437      0    437      0    437      0    437      0    437      0
    438      0    438      0    438      0    438      0    438      0    438      0    438      0    438      0
    439      0    439      0    439      0    439      0    439      0    439      0    439      0    439      0
    440      1    440      0    440      0    440      0    440      0    440      0    440      0    440      0
    441      0    441      0    441      0    441      0    441      0    441      0    441      0    441      0
    442      0    442      0    442      0    442      0    442      0    442      0    442      0    442      0
    443      0    443      0    443      0    443      0    443      0    443      0    443      0    443      0
    444      0    444      0    444      0    444      0    444      0    444      0    444      0    444      0
    445      0    445      0    445      0    445      0    445      0    445      0    445      0    445      0
    446      0    446      0    446      0    446      0    446      0    446      0    446      0    446      0
    447      0    447      0    447      0    447      0    447      0    447      0    447      0    447      0
    448      0    448      0    448      0    448      0    448      0    448      0    448      0    448      0
    449      0    449      0    449      0    449      0    449      0    449      0    449      0    449      0
    450      0    450      0    450      0    450      0    450      0    450      0    450      0    450      0
    451      0    451      0    451      0    451      0    451      1    451      0    451      0    451      0
    452      0    452      0    452      0    452      0    452      0    452      0    452      0    452      0
    453      0    453      0    453      0    453      0    453      0    453      0    453      0    453      0
    454      0    454      0    454      0    454      0    454      0    454      0    454      0    454      0
    455      0    455      0    455      0    455      0    455      0    455      0    455      0    455      0
    456      0    456      0    456      0    456      0    456      1    456      0    456      0    456      0
    457      0    457      0    457      0    457      0    457      0    457      0    457      0    457      0
    458      0    458      0    458      0    458      0    458      0    458      0    458      0    458      0
    459      0    459      0    459      0    459      0    459      0    459      0    459      0    459      0
    460      0    460      0    460      0    460      0    460      0    460      0    460      0    460      0
    461      0    461      0    461      0    461      0    461      0    461      0    461      0    461      0
    462      0    462      0    462      0    462      0    462      0    462      0    462      0    462      0
    463      0    463      0    463      0    463      0    463      0    463      0    463      0    463      0
    464      0    464      0    464      0    464      0    464      0    464      0    464      0    464      0
    465      0    465      0    465      0    465      0    465      0    465      0    465      0    465      0
    466      0    466      0    466      0    466      0    466      0    466      0    466      0    466      0
    467      0    467      0    467      0    467      0    467      0    467      0    467      0    467      0
    468      0    468      0    468      0    468      0    468      0    468      0    468      0    468      0
    469      0    469      0    469      0    469      0    469      0    469      0    469      0    469      0
    470      0    470      0    470      0    470      0    470      0    470      0    470      0    470      0
    471      0    471      0    471      0    471      0    471      0    471      0    471      0    471      0
    472      0    472      0    472      0    472      0    472      0    472      0    472      0    472      0
    473      0    473      0    473      0    473      0    473      0    473      0    473      0    473      0
    474      0    474      0    474      0    474      0    474      0    474      0    474      0    474      0
    475      0    475      0    475      0    475      0    475      0    475      0    475      0    475      0
    476      0    476      0    476      0    476      0    476      0    476      0    476      0    476      0
    477      0    477      0    477      0    477      0    477      1    477      0    477      0    477      0
    478      0    478      0    478      0    478      0    478      1    478      0    478      0    478      0
    479      0    479      0    479      0    479      0    479      0    479      0    479      0    479      0
    480      0    480      0    480      0    480      0    480      0    480      0    480      0    480      0
    481      0    481      0    481      0    481      0    481      0    481      0    481      0    481      0
    482      0    482      0    482      0    482      0    482      0    482      0    482      0    482      0
    483      0    483      0    483      0    483      0    483      0    483      0    483      0    483      0
    484      0    484      0    484      0    484      0    484      0    484      0    484      0    484      0
    485      0    485      0    485      0    485      0    485      1    485      0    485      0    485      0
    486      0    486      0    486      0    486      0    486      0    486      0    486      0    486      0
    487      0    487      0    487      0    487      0    487      1    487      0    487      0    487      0
    488      0    488      0    488      0    488      0    488      0    488      0    488      0    488      0
    489      0    489      0    489      0    489      0    489      0    489      0    489      0    489      0
    490      0    490      0    490      0    490      0    490      0    490      0    490      0    490      0
    491      0    491      0    491      0    491      0    491      0    491      0    491      0    491      0
    492      0    492      0    492      0    492      0    492      0    492      0    492      0    492      0
    493      0    493      0    493      0    493      0    493      0    493      0    493      0    493      0
    494      0    494      0    494      0    494      0    494      0    494      0    494      0    494      0
    495      0    495      0    495      0    495      0    495      0    495      0    495      0    495      0
    496      0    496      0    496      0    496      0    496      0    496      0    496      0    496      0
    497      0    497      0    497      0    497      0    497      1    497      0    497      0    497      0
    498      0    498      0    498      0    498      0    498      0    498      0    498      0    498      0
    499      0    499      0    499      0    499      0    499      1    499      0    499      0    499      0
    500      0    500      0    500      0    500      0    500      0    500      0    500      0    500      0
    501      0    501      0    501      0    501      0    501      0    501      0    501      0    501      0
    502      0    502      0    502      0    502      0    502      0    502      0    502      0    502      0
    503      0    503      0    503      0    503      0    503      1    503      0    503      0    503      0
    504      0    504      0    504      0    504      0    504      0    504      0    504      0    504      0
    505      0    505      0    505      0    505      0    505      0    505      0    505      0    505      0
    506      0    506      0    506      0    506      0    506      0    506      0    506      0    506      0
    507      0    507      0    507      0    507      0    507      0    507      0    507      0    507      0
    508      0    508      0    508      0    508      0    508      0    508      0    508      0    508      0
    509      0    509      0    509      0    509      0    509      0    509      0    509      0    509      0
    510      0    510      0    510      0    510      0    510      0    510      0    510      0    510      0
    511      0    511      0    511      0    511      0    511      0    511      0    511      0    511      0
    512      0    512      0    512      0    512      0    512      0    512      0    512      0    512      0
