      1      0      1      0      1      0      1      0      1      0      1      0      1      0      1      0
      2      0      2      0      2      0      2      0      2      0      2      0      2      0      2      0
      3      0      3      0      3      0      3      0      3      0      3      0      3      0      3      0
      4      0      4      0      4      0      4      0      4      0      4      0      4      0      4      0
      5      0      5      0      5      0      5      0      5      0      5      0      5      0      5      0
      6      0      6    135      6      0      6      0      6      0      6      0      6      0      6      0
      7      0      7    120      7      0      7      0      7      0      7      0      7      0      7      0
      8      0      8    123      8      0      8      0      8      0      8      0      8      0      8      0
      9      0      9    137      9      0      9      0      9      0      9      0      9      0      9      0
     10      0     10    125     10      0     10      0     10      0     10      0     10      0     10      0
     11      0     11    142     11      0     11      0     11      0     11      0     11      0     11      0
     12      0     12    167     12      0     12      0     12      0     12      0     12      0     12      0
     13      0     13    153     13      0     13      0     13      0     13      0     13      0     13      0
     14      0     14    175     14      0     14      0     14      0     14      0     14      0     14      0
     15      0     15    169     15      0     15      0     15      0     15      0     15      0     15      0
     16      0     16    209     16      0     16      0     16      0     16      0     16      0     16      5
     17      0     17    214     17      0     17      0     17      0     17      0     17      0     17     14
     18      0     18    211     18      0     18      0     18      0     18      0     18      0     18     39
     19      0     19    201     19      0     19      0     19      0     19      0     19      0     19     44
     20      0     20    201     20      0     20      0     20      0     20      0     20      0     20     64
     21      0     21    244     21      0     21      0     21      0     21      0     21      0     21    110
     22      0     22    248     22      0     22      0     22      0     22      0     22      0     22    288
     23      0     23    262     23      0     23      0     23      0     23      0     23      0     23    695
     24      0     24    326     24      0     24      0     24      0     24      0     24      0     24   1445
     25      0     25    314     25      0     25      0     25      0     25      0     25      0     25   2746
     26      0     26    353     26      0     26      0     26      0     26      0     26      0     26   4410
     27      0     27    376     27      0     27      0     27      0     27      0     27      0     27   6185
     28      0     28    403     28      0     28      0     28      0     28      0     28      0     28   8104
     29      0     29    420     29      0     29      0     29      0     29      0     29      0     29   9347
     30      0     30    493     30      0     30      0     30      0     30      0     30      0     30  10695
     31      0     31    463     31      0     31      0     31      0     31      0     31      0     31  11658
     32      2     32    515     32      0     32      0     32      0     32      0     32      0     32  11906
     33      0     33    602     33      0     33      0     33      0     33      0     33      0     33  12021
     34      0     34    623     34      0     34      0     34      0     34      0     34      0     34  11897
     35      0     35    699     35      0     35      0     35      0     35      0     35      0     35  11511
     36      1     36    818     36      0     36      0     36      0     36      0     36      0     36  11010
     37      1     37    843     37      0     37      0     37      0     37      0     37      0     37  10616
     38      0     38   1020     38      0     38      0     38      0     38      0     38      0     38  10011
     39      0     39   1118     39      0     39      0     39      0     39      0     39      0     39   9504
     40      3     40   1258     40      0     40      0     40      0     40      0     40      0     40   8772
     41      1     41   1387     41      0     41      0     41      0     41      0     41      0     41   8673
     42      0     42   1498     42      0     42      0     42      0     42      0     42      0     42   7748
     43      7     43   1787     43      0     43      0     43      0     43      0     43      0     43   7506
     44      8     44   1917     44      0     44      0     44      0     44      0     44      0     44   7049
     45      3     45   2065     45      0     45      0     45      0     45      0     45      0     45   6808
     46     10     46   2274     46      0     46      0     46      0     46      0     46      0     46   6434
     47     21     47   2313     47      0     47      0     47      0     47      0     47      0     47   6326
     48     51     48   2486     48      0     48      0     48      0     48      0     48      0     48   5839
     49     72     49   2539     49      0     49      0     49      0     49      0     49      0     49   5891
     50    106     50   2375     50      0     50      0     50      0     50      0     50      0     50   5771
     51    145     51   2391     51      0     51      0     51      0     51      0     51      0     51   5438
     52    223     52   2353     52      0     52      0     52      0     52      1     52      0     52   5361
     53    246     53   2317     53      0     53      0     53      0     53      0     53      0     53   4990
     54    295     54   2323     54      0     54      0     54      0     54      0     54      0     54   5005
     55    294     55   2223     55      0     55      0     55      0     55      0     55      0     55   4836
     56    328     56   2066     56      0     56      0     56      0     56      0     56      0     56   4687
     57    352     57   2069     57      0     57      0     57      0     57      0     57      0     57   4442
     58    421     58   1870     58      0     58      0     58      0     58      0     58      0     58   4457
     59    427     59   1856     59      0     59      0     59      0     59      0     59      0     59   4200
     60    423     60   1800     60      0     60      0     60      0     60      0     60      0     60   4014
     61    453     61   1653     61      0     61      0     61      0     61      0     61      0     61   3861
     62    466     62   1513     62      0     62      0     62      0     62      0     62      0     62   3719
     63    484     63   1417     63      0     63      0     63      0     63      0     63      0     63   3668
     64    460     64   1337     64      0     64      0     64      0     64      0     64      0     64   3600
     65    422     65   1246     65      0     65      0     65      0     65      0     65      0     65   3502
     66    511     66   1160     66      0     66      0     66      0     66      0     66      0     66   3395
     67    496     67   1109     67      0     67      0     67      0     67      0     67      0     67   3215
     68    501     68    987     68      0     68      0     68      0     68      0     68      0     68   3280
     69    496     69    950     69      0     69      0     69      0     69      0     69      0     69   3072
     70    496     70    923     70      0     70      0     70      0     70      0     70      0     70   3027
     71    481     71    840     71      0     71      0     71      0     71      0     71      0     71   2987
     72    526     72    808     72      0     72      0     72      0     72      0     72      0     72   2784
     73    459     73    739     73      0     73      0     73      0     73      0     73      0     73   2786
     74    476     74    671     74      0     74      0     74      0     74      0     74      0     74   2895
     75    498     75    643     75      0     75      0     75      0     75      0     75      0     75   2665
     76    462     76    581     76      0     76      0     76      0     76      0     76      0     76   2489
     77    456     77    526     77      0     77      0     77      0     77      0     77      0     77   2482
     78    461     78    512     78      0     78      0     78      0     78      0     78      0     78   2440
     79    484     79    461     79      0     79      0     79      0     79      0     79      0     79   2260
     80    486     80    406     80      0     80      0     80      0     80      0     80      0     80   2290
     81    428     81    398     81      0     81      0     81      0     81      0     81      0     81   2218
     82    449     82    381     82      0     82      0     82      0     82      0     82      0     82   2235
     83    413     83    311     83      0     83      0     83      0     83      0     83      0     83   2117
     84    421     84    326     84      0     84      0     84      0     84      0     84      0     84   1927
     85    408     85    298     85      0     85      0     85      0     85      0     85      0     85   1950
     86    390     86    275     86      0     86      0     86      0     86      0     86      0     86   1830
     87    396     87    246     87      0     87      0     87      0     87      0     87      0     87   1833
     88    353     88    230     88      0     88      0     88      0     88      0     88      0     88   1752
     89    361     89    229     89      0     89      0     89      0     89      0     89      0     89   1677
     90    378     90    269     90      0     90      0     90      0     90      0     90      0     90   1683
     91    324     91    192     91      0     91      0     91      0     91      0     91      0     91   1565
     92    310     92    182     92      0     92      0     92      0     92      0     92      0     92   1544
     93    291     93    155     93      0     93      0     93      0     93      0     93      0     93   1390
     94    325     94    145     94      0     94      0     94      0     94      0     94      0     94   1365
     95    292     95    132     95      0     95      0     95      0     95      0     95      0     95   1376
     96    307     96    135     96      0     96      0     96      0     96      0     96      0     96   1314
     97    288     97    119     97      0     97      0     97      0     97      0     97      0     97   1248
     98    267     98    131     98      0     98      0     98      0     98      0     98      0     98   1189
     99    275     99    109     99      0     99      0     99      0     99      0     99      0     99   1214
    100    241    100    110    100      0    100      0    100      0    100      0    100      0    100   1134
    101    220    101    108    101      0    101      0    101      0    101      0    101      0    101   1102
    102    272    102    103    102      0    102      0    102      0    102      0    102      0    102   1135
    103    246    103     85    103      0    103      0    103      0    103      0    103      0    103   1041
    104    233    104     92    104      0    104      0    104      0    104      0    104      0    104    984
    105    214    105     72    105      0    105      0    105      0    105      0    105      0    105   1023
    106    226    106     61    106      0    106      0    106      0    106      0    106      0    106    970
    107    191    107     52    107      0    107      0    107      0    107      0    107      0    107    938
    108    193    108     51    108      0    108      0    108      0    108      0    108      0    108    924
    109    207    109     53    109      0    109      0    109      0    109      0    109      0    109    932
    110    194    110     50    110      0    110      0    110      0    110      0    110      0    110    778
    111    150    111     55    111      0    111      0    111      0    111      0    111      0    111    877
    112    171    112     34    112      0    112      0    112      0    112      0    112      0    112    857
    113    179    113     42    113      0    113      0    113      0    113      0    113      0    113    833
    114    161    114     25    114      0    114      0    114      0    114      0    114      0    114    756
    115    156    115     31    115      0    115      0    115      0    115      0    115      0    115    760
    116    140    116     29    116      0    116      0    116      0    116      0    116      0    116    780
    117    134    117     23    117      0    117      0    117      0    117      0    117      0    117    661
    118    145    118     19    118      0    118      0    118      0    118      0    118      0    118    680
    119    117    119     27    119      0    119      0    119      0    119      0    119      0    119    653
    120    122    120     20    120      0    120      0    120      0    120      0    120      0    120    622
    121    130    121     26    121      0    121      0    121      0    121      0    121      0    121    622
    122    114    122     20    122      0    122      0    122      0    122      0    122      0    122    612
    123    125    123     22    123      0    123      0    123      0    123      0    123      0    123    642
    124     89    124     17    124      0    124      0    124      0    124      0    124      0    124    595
    125     94    125     19    125      0    125      0    125      0    125      0    125      0    125    547
    126     80    126      9    126      0    126      0    126      0    126      0    126      0    126    536
    127     86    127     17    127      0    127      0    127      0    127      0    127      0    127    470
    128     79    128      6    128      0    128      0    128      0    128      0    128      0    128    554
    129     82    129      7    129      0    129      0    129      0    129      0    129      0    129    515
    130     84    130     12    130      0    130      0    130      0    130      0    130      0    130    493
    131     78    131      7    131      0    131      0    131      0    131      0    131      0    131    493
    132     70    132      8    132      0    132      0    132      0    132      0    132      0    132    451
    133     57    133     13    133      0    133      0    133      0    133      0    133      0    133    476
    134     68    134      4    134      0    134      0    134      0    134      0    134      0    134    498
    135     63    135      8    135      0    135      0    135      0    135      0    135      0    135    450
    136     53    136      4    136      0    136      0    136      0    136      0    136      0    136    482
    137     46    137      5    137      0    137      0    137      0    137      0    137      0    137    404
    138     42    138      8    138      0    138      0    138      0    138      0    138      0    138    439
    139     42    139      3    139      0    139      0    139      0    139      0    139      0    139    392
    140     52    140      6    140      0    140      0    140      0    140      0    140      0    140    424
    141     51    141      2    141      0    141      0    141      0    141      0    141      0    141    379
    142     52    142      8    142      0    142      0    142      0    142      0    142      0    142    418
    143     35    143      6    143      0    143      0    143      0    143      0    143      0    143    400
    144     28    144      1    144      0    144      0    144      0    144      0    144      0    144    369
    145     24    145      1    145      0    145      0    145      0    145      0    145      0    145    328
    146     33    146      1    146      0    146      0    146      0    146      0    146      0    146    360
    147     30    147      3    147      0    147      0    147      0    147      0    147      0    147    344
    148     25    148      5    148      0    148      0    148      0    148      0    148      0    148    317
    149     35    149      5    149      0    149      0    149      0    149      0    149      0    149    323
    150     26    150      4    150      0    150      0    150      0    150      0    150      0    150    335
    151     28    151      3    151      0    151      0    151      0    151      0    151      0    151    301
    152     23    152      2    152      0    152      0    152      0    152      0    152      0    152    285
    153     21    153      1    153      0    153      0    153      0    153      0    153      0    153    343
    154     22    154      0    154      0    154      0    154      0    154      0    154      0    154    310
    155     16    155      0    155      0    155      0    155      0    155      0    155      0    155    311
    156     17    156      0    156      0    156      0    156      0    156      0    156      0    156    325
    157     18    157      0    157      0    157      0    157      0    157      0    157      0    157    293
    158     11    158      0    158      0    158      0    158      0    158      0    158      0    158    301
    159     12    159      0    159      0    159      0    159      0    159      0    159      0    159    307
    160     12    160      0    160      0    160      0    160      0    160      0    160      0    160    324
    161     15    161      0    161      0    161      0    161      0    161      0    161      0    161    283
    162     16    162      0    162      0    162      0    162      0    162      0    162      0    162    268
    163     12    163      0    163      0    163      0    163      0    163      0    163      0    163    262
    164      8    164      0    164      0    164      0    164      0    164      0    164      0    164    305
    165     15    165      0    165      0    165      0    165      0    165      0    165      0    165    277
    166     13    166      0    166      0    166      0    166      0    166      0    166      0    166    262
    167     14    167      0    167      0    167      0    167      0    167      0    167      0    167    260
    168      5    168      0    168      0    168      0    168      0    168      0    168      0    168    273
    169     10    169      0    169      0    169      0    169      0    169      0    169      0    169    243
    170     10    170      0    170      0    170      0    170      0    170      0    170      0    170    220
    171      5    171      0    171      0    171      0    171      0    171      0    171      0    171    240
    172      1    172      0    172      0    172      0    172      0    172      0    172      0    172    266
    173     13    173      0    173      0    173      0    173      0    173      0    173      0    173    228
    174      7    174      0    174      0    174      0    174      0    174      0    174      0    174    242
    175     10    175      0    175      0    175      0    175      0    175      0    175      0    175    230
    176      7    176      0    176      0    176      0    176      0    176      0    176      0    176    229
    177      2    177      0    177      0    177      0    177      0    177      0    177      0    177    238
    178      8    178      0    178      0    178      0    178      0    178      0    178      0    178    259
    179      4    179      0    179      0    179      0    179      0    179      0    179      0    179    246
    180      5    180      0    180      0    180      0    180      0    180      0    180      0    180    209
    181      4    181      0    181      0    181      0    181      0    181      0    181      0    181    200
    182      6    182      0    182      0    182      0    182      0    182      0    182      0    182    251
    183      6    183      0    183      0    183      0    183      0    183      0    183      0    183    223
    184     11    184      0    184      0    184      0    184      0    184      0    184      0    184    225
    185      3    185      0    185      0    185      0    185      0    185      0    185      0    185    196
    186      2    186      0    186      0    186      0    186      0    186      0    186      0    186    196
    187      4    187      0    187      0    187      0    187      0    187      0    187      0    187    230
    188      6    188      0    188      0    188      0    188      0    188      0    188      0    188    212
    189      3    189      0    189      0    189      0    189      0    189      0    189      0    189    228
    190      4    190      0    190      0    190      0    190      0    190      0    190      0    190    205
    191      6    191      0    191      0    191      0    191      0    191      0    191      0    191    206
    192      1    192      0    192      0    192      0    192      0    192      0    192      0    192    198
    193      0    193      0    193      0    193      0    193      0    193      0    193      0    193    210
    194      2    194      0    194      0    194      0    194      0    194      0    194      0    194    201
    195      1    195      0    195      0    195      0    195      0    195      0    195      0    195    206
    196      1    196      0    196      0    196      0    196      0    196      0    196      0    196    188
    197      2    197      0    197      0    197      0    197      0    197      0    197      0    197    181
    198      4    198      0    198      0    198      0    198      0    198      0    198      0    198    178
    199      0    199      0    199      0    199      0    199      0    199      0    199      0    199    190
    200      3    200      0    200      0    200      0    200      0    200      0    200      0    200    192
    201      2    201      0    201      0    201      0    201      0    201      0    201      0    201    181
    202      5    202      0    202      0    202      0    202      0    202      0    202      0    202    191
    203      3    203      0    203      0    203      0    203      0    203      0    203      0    203    184
    204      0    204      0    204      0    204      0    204      0    204      0    204      0    204    172
    205      0    205      0    205      0    205      0    205      0    205      0    205      0    205    193
    206      0    206      0    206      0    206      0    206      0    206      0    206      0    206    173
    207      3    207      0    207      0    207      0    207      0    207      0    207      0    207    187
    208      0    208      0    208      0    208      0    208      0    208      0    208      0    208    175
    209      1    209      0    209      0    209      0    209      0    209      0    209      0    209    165
    210      4    210      0    210      0    210      0    210      0    210      0    210      0    210    146
    211      1    211      0    211      0    211      0    211      0    211      0    211      0    211    167
    212      0    212      0    212      0    212      0    212      0    212      0    212      0    212    166
    213      2    213      0    213      0    213      0    213      0    213      0    213      0    213    164
    214      0    214      0    214      0    214      0    214      0    214      0    214      0    214    167
    215      1    215      0    215      0    215      0    215      0    215      0    215      0    215    156
    216      0    216      0    216      0    216      0    216      0    216      0    216      0    216    137
    217      1    217      0    217      0    217      0    217      0    217      0    217      0    217    144
    218      0    218      0    218      0    218      0    218      0    218      0    218      0    218    151
    219      1    219      0    219      0    219      0    219      0    219      0    219      0    219    160
    220      1    220      0    220      0    220      0    220      0    220      0    220      0    220    131
    221      1    221      0    221      0    221      0    221      0    221      0    221      0    221    150
    222      1    222      0    222      0    222      0    222      0    222      0    222      0    222    139
    223      0    223      0    223      0    223      0    223      0    223      0    223      0    223    152
    224      1    224      0    224      0    224      0    224      0    224      0    224      0    224    122
    225      0    225      0    225      0    225      0    225      0    225      0    225      0    225    133
    226      0    226      0    226      0    226      0    226      0    226      0    226      0    226    147
    227      0    227      0    227      0    227      0    227      0    227      0    227      0    227    127
    228      0    228      0    228      0    228      0    228      0    228      0    228      0    228    114
    229      1    229      0    229      0    229      0    229      0    229      0    229      0    229    133
    230      2    230      0    230      0    230      0    230      0    230      0    230      0    230    145
    231      1    231      0    231      0    231      0    231      0    231      0    231      0    231    157
    232      0    232      0    232      0    232      0    232      0    232      0    232      0    232    135
    233      1    233      0    233      0    233      0    233      0    233      0    233      0    233    126
    234      0    234      0    234      0    234      0    234      0    234      0    234      0    234    128
    235      0    235      0    235      0    235      0    235      0    235      0    235      0    235    124
    236      0    236      0    236      0    236      0    236      0    236      0    236      0    236    128
    237      1    237      0    237      0    237      0    237      0    237      0    237      0    237    121
    238      0    238      0    238      0    238      0    238      0    238      0    238      0    238    131
    239      1    239      0    239      0    239      0    239      0    239      0    239      0    239    127
    240      0    240      0    240      0    240      0    240      0    240      0    240      0    240    128
    241      0    241      0    241      0    241      0    241      0    241      0    241      0    241    127
    242      1    242      0    242      0    242      0    242      0    242      0    242      0    242    116
    243      0    243      0    243      0    243      0    243      0    243      0    243      0    243    121
    244      0    244      0    244      0    244      0    244      0    244      0    244      0    244    129
    245      0    245      0    245      0    245      0    245      0    245      0    245      0    245    109
    246      0    246      0    246      0    246      0    246      0    246      0    246      0    246    122
    247      1    247      0    247      0    247      0    247      0    247      0    247      0    247     84
    248      0    248      0    248      0    248      0    248      0    248      0    248      0    248    112
    249      0    249      0    249      0    249      0    249      0    249      0    249      0    249    131
    250      0    250      0    250      0    250      0    250      0    250      0    250      0    250    106
    251      0    251      0    251      0    251      0    251      0    251      0    251      0    251     84
    252      1    252      0    252      0    252      0    252      0    252      0    252      0    252    127
    253      0    253      0    253      0    253      0    253      0    253      0    253      0    253    119
    254      0    254      0    254      0    254      0    254      0    254      0    254      0    254    111
    255      0    255      0    255      0    255      0    255      0    255      0    255      0    255    102
    256      0    256      0    256      0    256      0    256      0    256      0    256      0    256    113
    257      0    257      0    257      0    257      0    257      0    257      0    257      0    257    102
    258      0    258      0    258      0    258      0    258      0    258      0    258      0    258    113
    259      0    259      0    259      0    259      0    259      0    259      0    259      0    259    111
    260      0    260      0    260      0    260      0    260      0    260      0    260      0    260    120
    261      0    261      0    261      0    261      0    261      0    261      0    261      0    261    109
    262      0    262      0    262      0    262      0    262      0    262      0    262      0    262    100
    263      0    263      0    263      0    263      0    263      0    263      0    263      0    263    114
    264      0    264      0    264      0    264      0    264      0    264      0    264      0    264     90
    265      0    265      0    265      0    265      0    265      0    265      0    265      0    265     84
    266      0    266      0    266      0    266      0    266      0    266      0    266      0    266     99
    267      0    267      0    267      0    267      0    267      0    267      0    267      0    267     89
    268      0    268      0    268      0    268      0    268      0    268      0    268      0    268    102
    269      0    269      0    269      0    269      0    269      0    269      0    269      0    269     83
    270      0    270      0    270      0    270      0    270      0    270      0    270      0    270    105
    271      0    271      0    271      0    271      0    271      0    271      0    271      0    271    108
    272      0    272      0    272      0    272      0    272      0    272      0    272      0    272     94
    273      0    273      0    273      0    273      0    273      0    273      0    273      0    273     80
    274      0    274      0    274      0    274      0    274      0    274      0    274      0    274     87
    275      0    275      0    275      0    275      0    275      0    275      0    275      0    275     80
    276      0    276      0    276      0    276      0    276      0    276      0    276      0    276     87
    277      0    277      0    277      0    277      0    277      0    277      0    277      0    277     93
    278      0    278      0    278      0    278      0    278      0    278      0    278      0    278     76
    279      0    279      0    279      0    279      0    279      0    279      0    279      0    279     77
    280      0    280      0    280      0    280      0    280      0    280      0    280      0    280     73
    281      0    281      0    281      0    281      0    281      0    281      0    281      0    281     99
    282      0    282      0    282      0    282      0    282      0    282      0    282      0    282     90
    283      0    283      0    283      0    283      0    283      0    283      0    283      0    283     75
    284      0    284      0    284      0    284      0    284      0    284      0    284      0    284     88
    285      0    285      0    285      0    285      0    285      0    285      0    285      0    285     75
    286      1    286      0    286      0    286      0    286      0    286      0    286      0    286     90
    287      0    287      0    287      0    287      0    287      0    287      0    287      0    287     83
    288      0    288      0    288      0    288      0    288      0    288      0    288      0    288     67
    289      0    289      0    289      0    289      0    289      0    289      0    289      0    289     74
    290      0    290      0    290      0    290      0    290      0    290      0    290      0    290     78
    291      0    291      0    291      0    291      0    291      0    291      0    291      0    291     75
    292      0    292      0    292      0    292      0    292      0    292      0    292      0    292     84
    293      0    293      0    293      0    293      0    293      0    293      0    293      0    293     72
    294      0    294      0    294      0    294      0    294      0    294      0    294      0    294     77
    295      0    295      0    295      0    295      0    295      0    295      0    295      0    295     74
    296      0    296      0    296      0    296      0    296      0    296      0    296      0    296     85
    297      0    297      0    297      0    297      0    297      0    297      0    297      0    297     86
    298      0    298      0    298      0    298      0    298      0    298      0    298      0    298     73
    299      0    299      0    299      0    299      0    299      0    299      0    299      0    299     66
    300      0    300      0    300      0    300      0    300      0    300      0    300      0    300     68
    301      0    301      0    301      0    301      0    301      0    301      0    301      0    301     69
    302      0    302      0    302      0    302      0    302      0    302      0    302      0    302     65
    303      0    303      0    303      0    303      0    303      0    303      0    303      0    303     67
    304      0    304      0    304      0    304      0    304      0    304      0    304      0    304     68
    305      0    305      0    305      0    305      0    305      0    305      0    305      0    305     69
    306      0    306      0    306      0    306      0    306      0    306      0    306      0    306     79
    307      0    307      0    307      0    307      0    307      0    307      0    307      0    307     79
    308      0    308      0    308      0    308      0    308      0    308      0    308      0    308     67
    309      0    309      0    309      0    309      0    309      0    309      0    309      0    309     68
    310      0    310      0    310      0    310      0    310      0    310      0    310      0    310     66
    311      0    311      0    311      0    311      0    311      0    311      0    311      0    311     63
    312      0    312      0    312      0    312      0    312      0    312      0    312      0    312     63
    313      0    313      0    313      0    313      0    313      0    313      0    313      0    313     80
    314      0    314      0    314      0    314      0    314      0    314      0    314      0    314     62
    315      0    315      0    315      0    315      0    315      0    315      0    315      0    315     73
    316      0    316      0    316      0    316      0    316      0    316      0    316      0    316    767
    317      0    317      0    317      0    317      0    317      0    317      0    317      0    317   1328
    318      0    318      0    318      0    318      0    318      0    318      0    318      0    318   1380
    319      0    319      0    319      0    319      0    319      0    319      0    319      0    319   1355
    320      0    320      0    320      0    320      0    320      0    320      0    320      0    320   1339
    321      0    321      0    321      0    321      0    321      0    321      0    321      0    321   1310
    322      0    322      0    322      0    322      0    322      0    322      0    322      0    322   1303
    323      0    323      0    323      0    323      0    323      0    323      0    323      0    323   1282
    324      0    324      0    324      0    324      0    324      0    324      0    324      0    324   1225
    325      0    325      0    325      0    325      0    325      0    325      0    325      0    325   1286
    326      0    326      0    326      0    326      0    326      0    326      0    326      0    326   1299
    327      0    327      0    327      0    327      0    327      0    327      0    327      0    327   1290
    328      0    328      0    328      0    328      0    328      0    328      0    328      0    328   1174
    329      0    329      0    329      0    329      0    329      0    329      0    329      0    329   1285
    330      0    330      0    330      0    330      0    330      0    330      0    330      0    330   1236
    331      0    331      0    331      0    331      0    331      0    331      0    331      0    331   1193
    332      0    332      0    332      0    332      0    332      0    332      0    332      0    332   1145
    333      0    333      0    333      0    333      0    333      0    333      0    333      0    333   1216
    334      0    334      0    334      0    334      0    334      0    334      0    334      0    334   1190
    335      0    335      0    335      0    335      0    335      0    335      0    335      0    335   1245
    336      0    336      0    336      0    336      0    336      0    336      0    336      0    336   1154
    337      0    337      0    337      0    337      0    337      0    337      0    337      0    337   1156
    338      0    338      0    338      0    338      0    338      0    338      0    338      0    338   1168
    339      0    339      0    339      0    339      0    339      0    339      0    339      0    339   1135
    340      0    340      0    340      0    340      0    340      0    340      0    340      0    340   1119
    341      0    341      0    341      0    341      0    341      0    341      0    341      0    341   1072
    342      0    342      0    342      0    342      0    342      0    342      0    342      0    342   1075
    343      0    343      0    343      0    343      0    343      0    343      0    343      0    343   1154
    344      0    344      0    344      0    344      0    344      0    344      0    344      0    344   1036
    345      0    345      0    345      0    345      0    345      0    345      0    345      0    345   1071
    346      0    346      0    346      0    346      0    346      0    346      0    346      0    346   1027
    347      0    347      0    347      0    347      0    347      0    347      0    347      0    347   1070
    348      0    348      0    348      0    348      0    348      0    348      0    348      0    348   1084
    349      0    349      0    349      0    349      0    349      0    349      0    349      0    349   1073
    350      0    350      0    350      0    350      0    350      0    350      0    350      0    350   1070
    351      0    351      0    351      0    351      0    351      0    351      0    351      0    351   1059
    352      0    352      0    352      0    352      0    352      0    352      0    352      0    352   1087
    353      0    353      0    353      0    353      0    353      0    353      0    353      0    353   1003
    354      0    354      0    354      0    354      0    354      0    354      0    354      0    354    933
    355      0    355      0    355      0    355      0    355      0    355      0    355      0    355    996
    356      0    356      0    356      0    356      0    356      0    356      0    356      0    356   1003
    357      0    357      0    357      0    357      0    357      0    357      0    357      0    357   1013
    358      0    358      0    358      0    358      0    358      0    358      0    358      0    358   1007
    359      0    359      0    359      0    359      0    359      0    359      0    359      0    359    971
    360      0    360      0    360      0    360      0    360      0    360      0    360      0    360    948
    361      0    361      0    361      0    361      0    361      0    361      0    361      0    361    901
    362      0    362      0    362      0    362      0    362      0    362      0    362      0    362    932
    363      0    363      0    363      0    363      0    363      0    363      0    363      0    363    890
    364      0    364      0    364      0    364      0    364      0    364      0    364      0    364    887
    365      0    365      0    365      0    365      0    365      0    365      0    365      0    365    937
    366      0    366      0    366      0    366      0    366      0    366      0    366      0    366    901
    367      0    367      0    367      0    367      0    367      0    367      0    367      0    367    916
    368      0    368      0    368      0    368      0    368      0    368      0    368      0    368    868
    369      0    369      0    369      0    369      0    369      0    369      0    369      0    369    944
    370      0    370      0    370      0    370      0    370      0    370      0    370      0    370    908
    371      0    371      0    371      0    371      0    371      0    371      0    371      0    371    902
    372      0    372      0    372      0    372      0    372      0    372      0    372      0    372    894
    373      0    373      0    373      0    373      0    373      0    373      0    373      0    373    900
    374      0    374      0    374      0    374      0    374      0    374      0    374      0    374    853
    375      0    375      0    375      0    375      0    375      0    375      0    375      0    375    827
    376      0    376      0    376      0    376      0    376      0    376      0    376      0    376    866
    377      0    377      0    377      0    377      0    377      0    377      0    377      0    377    812
    378      0    378      0    378      0    378      0    378      0    378      0    378      0    378    140
    379      0    379      0    379      0    379      0    379      0    379      0    379      0    379      0
    380      0    380      0    380      0    380      0    380      0    380      0    380      0    380      0
    381      0    381      0    381      0    381      0    381      0    381      0    381      0    381      0
    382      0    382      0    382      0    382      0    382      0    382      0    382      0    382      0
    383      0    383      0    383      0    383      0    383      0    383      0    383      0    383      0
    384      0    384      0    384      0    384      0    384      0    384      0    384      0    384      0
    385      0    385      0    385      0    385      0    385      0    385      0    385      0    385      0
    386      0    386      0    386      0    386      0    386      0    386      0    386      0    386      0
    387      0    387      0    387      0    387      0    387      0    387      0    387      0    387      0
    388      0    388      0    388      0    388      0    388      0    388      0    388      0    388      0
    389      0    389      0    389      0    389      0    389      0    389      0    389      0    389      0
    390      0    390      0    390      0    390      0    390      0    390      0    390      0    390      0
    391      0    391      0    391      0    391      0    391      0    391      0    391      0    391      0
    392      0    392      0    392      0    392      0    392      0    392      0    392      0    392      0
    393      0    393      0    393      0    393      0    393      0    393      0    393      0    393      0
    394      0    394      0    394      0    394      0    394      0    394      0    394      0    394      0
    395      0    395      0    395      0    395      0    395      0    395      0    395      0    395      0
    396      0    396      0    396      0    396      0    396      0    396      0    396      0    396      0
    397      0    397      0    397      0    397      0    397      0    397      0    397      0    397      0
    398      0    398      0    398      0    398      0    398      0    398      0    398      0    398      0
    399      0    399      0    399      0    399      0    399      0    399      0    399      0    399      0
    400      0    400      0    400      0    400      0    400      0    400      0    400      0    400      0
    401      0    401      0    401      0    401      0    401      0    401      0    401      0    401      0
    402      0    402      0    402      0    402      0    402      0    402      0    402      0    402      0
    403      0    403      0    403      0    403      0    403      0    403      0    403      0    403      0
    404      0    404      0    404      0    404      0    404      0    404      0    404      0    404      0
    405      0    405      0    405      0    405      0    405      0    405      0    405      0    405      0
    406      0    406      0    406      0    406      0    406      0    406      0    406      0    406      0
    407      0    407      0    407      0    407      0    407      0    407      0    407      0    407      0
    408      0    408      0    408      0    408      0    408      0    408      0    408      0    408      0
    409      0    409      0    409      0    409      0    409      0    409      0    409      0    409      0
    410      0    410      0    410      0    410      0    410      0    410      0    410      0    410      0
    411      0    411      0    411      0    411      0    411      0    411      0    411      0    411      0
    412      0    412      0    412      0    412      0    412      0    412      0    412      0    412      0
    413      0    413      0    413      0    413      0    413      0    413      0    413      0    413      0
    414      0    414      0    414      0    414      0    414      0    414      0    414      0    414      0
    415      0    415      0    415      0    415      0    415      0    415      0    415      0    415      0
    416      0    416      0    416      0    416      0    416      0    416      0    416      0    416      0
    417      0    417      0    417      0    417      0    417      0    417      0    417      0    417      0
    418      0    418      0    418      0    418      0    418      0    418      0    418      0    418      0
    419      0    419      0    419      0    419      0    419      0    419      0    419      0    419      0
    420      0    420      0    420      0    420      0    420      0    420      0    420      0    420      0
    421      0    421      0    421      0    421      0    421      0    421      0    421      0    421      0
    422      0    422      0    422      0    422      0    422      0    422      0    422      0    422      0
    423      0    423      0    423      0    423      0    423      0    423      0    423      0    423      0
    424      0    424      0    424      0    424      0    424      0    424      0    424      0    424      0
    425      0    425      0    425      0    425      0    425      0    425      0    425      0    425      0
    426      0    426      0    426      0    426      0    426      0    426      0    426      0    426      0
    427      0    427      0    427      0    427      0    427      0    427      0    427      0    427      0
    428      0    428      0    428      0    428      0    428      0    428      0    428      0    428      0
    429      0    429      0    429      0    429      0    429      0    429      0    429      0    429      0
    430      0    430      0    430      0    430      0    430      0    430      0    430      0    430      0
    431      0    431      0    431      0    431      0    431      0    431      0    431      0    431      0
    432      0    432      0    432      0    432      0    432      0    432      0    432      0    432      0
    433      0    433      0    433      0    433      0    433      0    433      0    433      0    433      0
    434      0    434      0    434      0    434      0    434      0    434      0    434      0    434      0
    435      0    435      0    435      0    435      0    435      0    435      0    435      0    435      0
    436      0    436      0    436      0    436      0    436      0    436      0    436      0    436      0
    437      0    437      0    437      0    437      0    437      0    437      0    437      0    437      0
    438      0    438      0    438      0    438      0    438      0    438      0    438      0    438      0
    439      0    439      0    439      0    439      0    439      0    439      0    439      0    439      0
    440      0    440      0    440      0    440      0    440      0    440      0    440      0    440      0
    441      0    441      0    441      0    441      0    441      0    441      0    441      0    441      0
    442      0    442      0    442      0    442      0    442      0    442      0    442      0    442      0
    443      0    443      0    443      0    443      0    443      0    443      0    443      0    443      0
    444      0    444      0    444      0    444      0    444      0    444      0    444      0    444      0
    445      0    445      0    445      0    445      0    445      0    445      0    445      0    445      0
    446      0    446      0    446      0    446      0    446      0    446      0    446      0    446      0
    447      0    447      0    447      0    447      0    447      0    447      0    447      0    447      0
    448      0    448      0    448      0    448      0    448      0    448      0    448      0    448      0
    449      0    449      0    449      0    449      0    449      0    449      0    449      0    449      0
    450      0    450      0    450      0    450      0    450      0    450      0    450      0    450      0
    451      0    451      0    451      0    451      0    451      0    451      0    451      0    451      0
    452      0    452      0    452      0    452      0    452      0    452      0    452      0    452      0
    453      0    453      0    453      0    453      0    453      0    453      0    453      0    453      0
    454      0    454      0    454      0    454      0    454      0    454      0    454      0    454      0
    455      0    455      0    455      0    455      0    455      0    455      0    455      0    455      0
    456      0    456      0    456      0    456      0    456      0    456      0    456      0    456      0
    457      0    457      0    457      0    457      0    457      0    457      0    457      0    457      0
    458      0    458      0    458      0    458      0    458      0    458      0    458      0    458      0
    459      0    459      0    459      0    459      0    459      0    459      0    459      0    459      0
    460      0    460      0    460      0    460      0    460      0    460      0    460      0    460      0
    461      0    461      0    461      0    461      0    461      0    461      0    461      0    461      0
    462      0    462      0    462      0    462      0    462      0    462      0    462      0    462      0
    463      0    463      0    463      0    463      0    463      0    463      0    463      0    463      0
    464      0    464      0    464      0    464      0    464      0    464      0    464      0    464      0
    465      0    465      0    465      0    465      0    465      0    465      0    465      0    465      0
    466      0    466      0    466      0    466      0    466      0    466      0    466      0    466      0
    467      0    467      0    467      0    467      0    467      0    467      0    467      0    467      0
    468      0    468      0    468      0    468      0    468      0    468      0    468      0    468      0
    469      0    469      0    469      0    469      0    469      0    469      0    469      0    469      0
    470      0    470      0    470      0    470      0    470      0    470      0    470      0    470      0
    471      0    471      0    471      0    471      0    471      0    471      0    471      0    471      0
    472      0    472      0    472      0    472      0    472      0    472      0    472      0    472      0
    473      0    473      0    473      0    473      0    473      0    473      0    473      0    473      0
    474      0    474      0    474      0    474      0    474      0    474      0    474      0    474      0
    475      0    475      0    475      0    475      0    475      0    475      0    475      0    475      0
    476      0    476      0    476      0    476      0    476      0    476      0    476      0    476      0
    477      0    477      0    477      0    477      0    477      0    477      0    477      0    477      0
    478      0    478      0    478      0    478      0    478      0    478      0    478      0    478      0
    479      0    479      0    479      0    479      0    479      0    479      0    479      0    479      0
    480      0    480      0    480      0    480      0    480      0    480      0    480      0    480      0
    481      0    481      0    481      0    481      0    481      0    481      0    481      0    481      0
    482      0    482      0    482      0    482      0    482      0    482      0    482      0    482      0
    483      0    483      0    483      0    483      0    483      0    483      0    483      0    483      0
    484      0    484      0    484      0    484      0    484      0    484      0    484      0    484      0
    485      0    485      0    485      0    485      0    485      0    485      0    485      0    485      0
    486      0    486      0    486      0    486      0    486      0    486      0    486      0    486      0
    487      0    487      0    487      0    487      0    487      0    487      0    487      0    487      0
    488      0    488      0    488      0    488      0    488      0    488      0    488      0    488      0
    489      0    489      0    489      0    489      0    489      0    489      0    489      0    489      0
    490      0    490      0    490      0    490      0    490      0    490      0    490      0    490      0
    491      0    491      0    491      0    491      0    491      0    491      0    491      0    491      0
    492      0    492      0    492      0    492      0    492      0    492      0    492      0    492      0
    493      0    493      0    493      0    493      0    493      0    493      0    493      0    493      0
    494      0    494      0    494      0    494      0    494      0    494      0    494      0    494      0
    495      0    495      0    495      0    495      0    495      0    495      0    495      0    495      0
    496      0    496      0    496      0    496      0    496      0    496      0    496      0    496      0
    497      0    497      0    497      0    497      0    497      0    497      0    497      0    497      0
    498      0    498      0    498      0    498      0    498      0    498      0    498      0    498      0
    499      0    499      0    499      0    499      0    499      0    499      0    499      0    499      0
    500      0    500      0    500      0    500      0    500      0    500      0    500      0    500      0
    501      0    501      0    501      0    501      0    501      0    501      0    501      0    501      0
    502      0    502      0    502      0    502      0    502      0    502      0    502      0    502      0
    503      0    503      0    503      0    503      0    503      0    503      0    503      0    503      0
    504      0    504      0    504      0    504      0    504      0    504      0    504      0    504      0
    505      0    505      0    505      0    505      0    505      0    505      0    505      0    505      0
    506      0    506      0    506      0    506      0    506      0    506      0    506      0    506      0
    507      0    507      0    507      0    507      0    507      0    507      0    507      0    507      0
    508      0    508      0    508      0    508      0    508      0    508      0    508      0    508      0
    509      0    509      0    509      0    509      0    509      0    509      0    509      0    509      0
    510      0    510      0    510      0    510      0    510      0    510      0    510      0    510      0
    511      0    511      0    511      0    511      0    511      0    511      0    511      0    511      0
    512      0    512      0    512      0    512      0    512      0    512      0    512      0    512      0
