     0      2      0      0      0      0      0      0      0
    50      0      0      0      0      0      0      0      0
   100      1      0      0      0      0      0      0      5
   150      1      0      0      0      0      0      0     13
   200      0      0      0      0      0      0      0      7
   250      1      0      0      0      0      0      0     34
   300      1      0      0      0      0      0      0     47
   350      2      1      0      0      0      0      0    121
   400      2      1      0      0      0      0      0    380
   450      6     10      0      0      0      0      0    384
   500      0      0      0      0      0      0      0    125
   550      1      0      0      0      0      0      0    106
   600      0      0      0      0      0      0      0    193
   650      1      3      0      0      0      0      0    149
   700      1      1      0      0      0      0      0    129
   750      1      3      0      0      0      0      0     74
   800      3      0      0      0      0      0      0    100
   850      0      3      0      0      0      0      0    232
   900      4      6      0      0      0      0      0    346
   950      3      4      0      0      0      0      0    253
  1000      6     10      0      0      0      0      0    500
  1050     16      7      0      0      0      0      0    408
  1100     12      8      0      0      0      0      0    270
  1150     12      3      0      0      0      0      0    220
  1200      6      3      0      0      0      0      0    187
  1250      9      4      0      0      0      0      0    212
  1300      7      6      0      0      0      0      0    212
  1350     13      1      0      0      0      0      0    194
  1400      8      1      0      0      0      0      0    243
  1450      6      4      0      0      0      0      0    251
  1500     14      6      0      0      0      0      0    347
  1550      6      3      0      0      0      0      0    430
  1600     12      4      0      0      0      0      0    535
  1650     19     27      0      0      0      0      0    736
  1700     27     35      0      0      0      0      0    883
  1750     40     66      0      0      0      0      0   1018
  1800    105    143      0      0      0      0      0   1448
  1850    182    231      0      0      0      0      0   1843
  1900    326    358      0      0      0      0      0   2341
  1950    464    522      0      0      0      0      0   3225
  2000    719    715      0      0      0      0      0   3902
  2050    989    939      0      0      0      0      0   3823
  2100   1143   1000      0      0      0      0      0   2952
  2150   1324   1098      0      0      0      0      0   2332
  2200   1417   1141      0      0      0      0      0   3454
  2250   1257   1408      0      0      0      0      0   3675
  2300    984   1553      0      0      0      0      0   3923
  2350    735   1551      0      0      0      0      0   4043
  2400    559   1613      0      0      0      0      0   3909
  2450    553   1672      0      0      0      0      0   3457
  2500    509   2506      0      0      0      0      0   3278
  2550    384   2381      0      0      0      0      0   3386
  2600    373    988      0      0      0      0      0   3414
  2650    391    967      0      0      0      0      0   2991
  2700    246    861      0      0      0      0      0   3375
  2750    144    791      0      0      0      0      0   2995
  2800    112    816      0      0      0      0      0   2994
  2850     66    713      0      0      0      0      0   3083
  2900     95    756      0      0      0      0      0   3198
  2950     79    780      0      0      0      0      0   3105
  3000     66    764      0      0      0      0      0   2915
  3050     44    741      0      0      0      0      0   2898
  3100     35    669      0      0      0      0      0   2793
  3150     30    675      0      0      0      0      0   3082
  3200     19    690      0      0      0      0      0   3014
  3250     16    735      0      0      0      0      0   3185
  3300     28    725      0      0      0      0      0   2899
  3350     19    620      0      0      0      0      0   2901
  3400     18    690      0      0      0      0      0   2943
  3450     16    664      0      0      0      0      0   3098
  3500     28    753      0      0      0      0      0   2993
  3550     24    700      0      0      0      0      0   3057
  3600     23    651      0      0      0      0      0   2948
  3650     12    693      0      0      0      0      0   3142
  3700     18    655      0      0      0      0      0   3022
  3750     14    679      0      0      0      0      0   2971
  3800     14    669      0      0      0      0      0   2727
  3850      8    651      0      0      0      0      0   3170
  3900      5    662      0      0      0      0      0   3117
  3950      6    682      0      0      0      0      0   3164
  4000     10    650      0      0      0      0      0   3195
  4050      6    603      0      0      0      0      0   3298
  4100      7    643      0      0      0      0      0   3454
  4150      3    664      0      0      0      0      0   2962
  4200      2    617      0      0      0      0      0   3125
  4250      8    620      0      0      0      0      0   2978
  4300     10    668      0      0      0      0      0   3287
  4350     10    601      0      0      0      0      0   3322
  4400      9    612      0      0      0      0      0   3148
  4450      8    648      0      0      0      0      0   3196
  4500     10    592      0      0      0      0      0   3135
  4550      6    616      0      0      0      0      0   3194
  4600     14    616      0      0      0      0      0   3210
  4650     10    616      0      0      0      0      0   3241
  4700      5    648      0      0      0      0      0   3210
  4750     11    661      0      0      0      0      0   3383
  4800     10    661      0      0      0      0      0   3102
  4850      8    580      0      0      0      0      0   3186
  4900      6    647      0      0      0      0      0   3223
  4950      8    675      0      0      0      0      0   3295
  5000      8    659      0      0      0      0      0   3181
  5050      6    619      0      0      0      0      0   3148
  5100      7    689      0      0      0      0      0   3178
  5150      9    678      0      0      0      0      0   3520
  5200      8    640      0      0      0      0      0   2915
  5250      7    664      0      0      0      0      0   3491
  5300      6    644      0      0      0      0      0   3076
  5350      5    640      0      0      0      0      0   2812
  5400      7    669      0      0      0      0      0   3062
  5450      3    640      0      0      0      0      0   3518
  5500      7    637      0      0      0      0      0   3128
  5550      8    643      0      0      0      0      0   3134
  5600      9    666      0      0      0      0      0   2983
  5650      5    638      0      0      0      0      0   3160
  5700      9    664      0      0      0      0      0   3195
  5750      3    658      0      0      0      0      0   3236
  5800      3    630      0      0      0      0      0   3063
  5850      8    699      0      0      0      0      0   3070
  5900     16    666      0      0      0      0      0   3100
  5950      8    609      0      0      0      0      0   3327
  6000      7    658      0      0      0      0      0   3213
  6050      5    640      0      0      0      0      0   3245
  6100      9    622      0      0      0      0      0   3016
  6150      6    651      0      0      0      0      0   3040
  6200     10    679      0      0      0      0      0   3071
  6250      7    711      0      0      0      0      0   2933
  6300      7    598      0      0      0      0      0   3139
  6350     12    620      0      0      0      0      0   3265
  6400      4    648      0      0      0      0      0   3175
  6450      9    672      0      0      0      0      0   3418
  6500      8    666      0      0      0      1      0   3252
  6550     10    669      0      0      0      0      0   2915
  6600     12    627      0      0      0      0      0   2937
  6650     10    624      0      0      0      0      0   2940
  6700     13    581      0      0      0      0      0   3035
  6750      7    652      0      0      0      0      0   3176
  6800     10    659      0      0      0      0      0   3257
  6850     12    587      0      0      0      0      0   2922
  6900      6    620      0      0      0      0      0   3132
  6950      5    637      0      0      0      0      0   3121
  7000     14    655      0      0      0      0      0   3342
  7050      8    657      0      0      0      0      0   2933
  7100      8    657      0      0      0      0      0   3174
  7150      6    626      0      0      0      0      0   3166
  7200      8    606      0      0      0      0      0   3028
  7250      9    624      0      0      0      0      0   3192
  7300     10    615      0      0      0      0      0   3135
  7350     10    620      0      0      0      0      0   3392
  7400     13    647      0      0      0      0      0   3206
  7450      8    651      0      0      0      0      0   3124
  7500     13    610      0      0      0      0      0   3255
  7550      5    665      0      0      0      0      0   3015
  7600      7    612      0      0      0      0      0   3354
  7650     11    643      0      0      0      0      0   3044
  7700     12    671      0      0      0      0      0   3408
  7750      7    638      0      0      0      0      0   3150
  7800     10    644      0      0      0      0      0   3401
  7850     17    602      0      0      0      0      0   3268
  7900     10    637      0      0      0      0      0   3641
  7950     19    637      0      0      0      0      0   2919
  8000      5    686      0      0      0      0      0   3160
  8050     10    666      0      0      0      0      0   3209
  8100     15    665      0      0      0      0      0   3160
  8150      9    669      0      0      0      0      0   3438
  8200     16    714      0      0      0      0      0   3596
  8250      7    651      0      0      0      0      0   3089
  8300     13    661      0      0      0      0      0   3303
  8350     11    629      0      0      0      0      0   3248
  8400     10    630      0      0      0      0      0   3106
  8450     19    662      0      0      0      0      0   3277
  8500     17    676      0      0      0      0      0   2957
  8550     10    697      0      0      0      0      0   2946
  8600     73    794      0      0      0      0      0   3907
  8650    262    944      0      0      0      0      0   4048
  8700    617   1091      0      0      0      0      0   3790
  8750   1180   1450      0      0      0      0      0   4154
  8800   1703   2241      0      0      0      0      0   3619
  8850   1635   3646      0      0      0      0      0   2939
  8900   1201   1151      0      0      0      0      0   2652
  8950    707    395      0      0      0      0      0   2236
  9000    509    192      0      0      0      0      0   1603
  9050    399    179      0      0      0      0      0   1521
  9100    409    136      0      0      0      0      0   1345
  9150    368    147      0      0      0      0      0   1260
  9200    350    146      0      0      0      0      0   1364
  9250    309    143      0      0      0      0      0   1468
  9300    277    101      0      0      0      0      0   1398
  9350    226     88      0      0      0      0      0   1423
  9400    206     60      0      0      0      0      0   1368
  9450    177     57      0      0      0      0      0   1265
  9500    160     46      0      0      0      0      0   1094
  9550    100     42      0      0      0      0      0   1005
  9600     90     13      0      0      0      0      0    672
  9650     71     22      0      0      0      0      0    414
  9700     54     11      0      0      0      0      0    190
  9750     50     10      0      0      0      0      0    175
  9800     38      6      0      0      0      0      0    187
  9850     26      6      0      0      0      0      0    142
  9900     16      3      0      0      0      0      0    118
  9950     10      3      0      0      0      0      0     87
 10000     16      3      0      0      0      0      0    225
 10050     15      4      0      0      0      0      0     34
 10100     13      4      0      0      0      0      0    173
 10150     15     57      0      0      0      0      0    389
 10200      0      0      0      0      0      0      0      0
 10250      0      0      0      0      0      0      0      0
 10300      0      0      0      0      0      0      0      0
 10350      0      0      0      0      0      0      0      0
 10400      0      0      0      0      0      0      0      0
 10450      0      0      0      0      0      0      0      0
 10500      0      0      0      0      0      0      0      0
 10550      0      0      0      0      0      0      0      0
 10600      0      0      0      0      0      0      0      0
 10650      0      0      0      0      0      0      0      0
 10700      0      0      0      0      0      0      0      0
 10750      0      0      0      0      0      0      0      0
 10800      0      0      0      0      0      0      0      0
 10850      0      0      0      0      0      0      0      0
 10900      0      0      0      0      0      0      0      0
 10950      0      0      0      0      0      0      0      0
 11000      0      0      0      0      0      0      0      0
