     0      0      0      0      0      0      0      0      0
    50      0      0      0      0      0      0      0      0
   100      3      0      0      0      0      0      0      0
   150      0      0      0      0      0      0      0      0
   200      0      0      0      0      0      0      0      0
   250      0      0      0      0      0      0      0      0
   300      0      0      0      0      0      0      0      0
   350      0      0      0      0      0      0      0      3
   400      0      0      0      0      0      0      0     29
   450      0      0      0      0      0      0      0     23
   500      0      0      0      0      0      0      0      1
   550      5      0      0      0      0      0      0      7
   600      0      0      0      0      0      0      0      7
   650      0      0      0      0      0      0      0     23
   700      0      0      0      0      0      0      0     12
   750      1      0      0      0      0      0      0     13
   800      0      0      0      0      0      0      0      6
   850      0      0      0      0      0      0      0     26
   900      0      0      0      0      0      0      0     32
   950      1      0      0      0      0      0      0     28
  1000      0      0      0      0      0      0      0     30
  1050      0      0      0      0      0      0      0      9
  1100      0      0      0      0      0      0      0     13
  1150      0      0      0      0      0      0      0     12
  1200      1      0      0      0      0      0      0      4
  1250      2      0      0      0      0      0      0      1
  1300      0      0      0      0      0      0      0      1
  1350      1      0      0      0      0      0      0      0
  1400      0      0      0      0      0      0      0      0
  1450      1      0      0      0      0      0      0      1
  1500      1      0      0      0      0      0      0      1
  1550      0      0      0      0      0      0      0      0
  1600      0      0      0      0      0      0      0      0
  1650      0      0      0      0      0      0      0      0
  1700      0      0      0      0      0      0      0      0
  1750      0      0      0      0      0      0      0      0
  1800      3      0      0      0      0      0      0      0
  1850      1      0      0      0      0      0      0      0
  1900      0      0      0      0      0      0      0      0
  1950      1      0      0      0      0      0      0      1
  2000      1      0      0      0      0      0      0      1
  2050      1      0      0      0      0      0      0      1
  2100      0      0      0      0      0      0      0      0
  2150      0      0      0      0      0      0      0      2
  2200      0      0      0      0      0      0      0      1
  2250      0      0      0      0      0      0      0      1
  2300      0      0      0      0      0      0      0      0
  2350      0      1      0      0      0      0      0      0
  2400      0      0      0      0      0      0      0      2
  2450      1      0      0      0      0      0      0      4
  2500      0      0      0      0      0      0      0      5
  2550      0      0      0      0      0      0      0      8
  2600      0      0      0      0      0      0      0      4
  2650      0      0      0      0      0      0      0      2
  2700      0      0      0      0      0      0      0      1
  2750      1      0      0      0      0      0      0      2
  2800      0      0      0      0      0      0      0      4
  2850      0      0      0      0      0      0      0      9
  2900      0      0      0      0      0      0      0      3
  2950      0      0      0      0      0      0      0      1
  3000     24      7      0      0      0      0      0    397
  3050     74     28      1      0      0      0      0   1271
  3100     75     20      1      0      0      0      0   1276
  3150     73     28      5      0      0      0      0   1270
  3200     66     28      4      0      0      0      0   1229
  3250     58     15      3      0      0      0      0   1137
  3300     60     27      2      0      0      0      0   1021
  3350     49     32      7      0      0      0      0   1010
  3400     63     28      6      0      0      0      0   1073
  3450     64     22      3      0      0      0      0   1048
  3500     70     14      5      0      1      0      0   1333
  3550    103     27      8      0      0      0      0   2081
  3600    125     46      5      0      1      0      0   2064
  3650    110     45      9      0      1      0      0   1950
  3700    119     46      8      0      0      0      0   2029
  3750    108     35      3      0      0      0      0   2146
  3800    104     29      8      0      0      0      0   2033
  3850    114     45      3      0      0      0      0   2010
  3900    118     28      7      0      1      0      0   2107
  3950    107     31     10      0      1      0      0   1977
  4000    101     53      4      0      0      0      0   2051
  4050    103     31      5      0      0      0      0   2123
  4100    123     29      4      0      1      0      0   2171
  4150     96     34      3      0      0      0      0   2092
  4200    111     42      5      0      0      0      0   2203
  4250    113     27      5      0      0      0      0   2034
  4300    105     62      3      0      1      0      0   2052
  4350    114     48      8      0      0      0      0   2127
  4400    100     52      4      0      0      1      0   2134
  4450    112     43      4      0      0      0      0   2144
  4500    103     36      8      0      0      0      0   2108
  4550    110     38      4      0      0      0      0   2121
  4600    118     42      6      0      0      0      0   2088
  4650    113     46      4      0      0      0      0   2125
  4700    111     35      2      0      0      0      0   2177
  4750    129     39      3      0      1      0      0   2043
  4800     92     42      9      0      1      0      0   2039
  4850    133     41      4      0      0      0      0   2107
  4900    104     35      2      0      0      0      0   2089
  4950    122     45      4      0      0      0      0   2031
  5000    118     31      2      0      0      0      0   2045
  5050    100     38      4      0      0      0      0   2109
  5100    116     32      5      0      2      0      0   2114
  5150    108     36      4      0      0      0      0   2036
  5200     97     46      7      0      1      2      0   1987
  5250    121     36      5      0      0      0      0   2084
  5300    121     38      3      0      1      0      0   1943
  5350    126     31      7      0      0      0      0   2004
  5400     99     41      3      0      0      0      0   1889
  5450     87     53      8      0      0      0      0   1991
  5500    107     43      6      0      0      0      0   1948
  5550     90     50      4      0      1      0      0   1844
  5600     88     31      6      0      0      0      0   1865
  5650     96     28      6      0      0      0      0   1910
  5700    124     35      1      0      0      0      0   1910
  5750     83     48      5      0      0      0      0   1726
  5800    107     28      0      0      2      0      0   1836
  5850     93     36      5      0      0      0      0   1812
  5900     99     45      4      0      0      0      0   1791
  5950     97     55      5      0      1      0      0   1732
  6000     95     24      3      1      1      0      0   1757
  6050     87     31      1      0      0      0      0   1819
  6100     95     41      3      0      0      0      0   1832
  6150     77     32      2      1      0      0      0   1745
  6200    111     32      6      0      0      0      0   1717
  6250     62     39      4      0      0      0      0   1819
  6300     97     38      3      0      0      0      0   1778
  6350     89     18      4      0      1      0      0   1696
  6400     91     38      4      0      0      0      0   1691
  6450     90     39      5      0      3      0      0   1703
  6500     55     24      4      0      0      0      0   1396
  6550     46     13      4      0      0      0      0    773
  6600     39     17      1      0      0      0      0    818
  6650     46     11      3      0      0      0      0    842
  6700     41     24      0      0      0      0      0    874
  6750     51     14      4      0      0      0      0    924
  6800     42     20      4      0      0      0      0    898
  6850     51     25      3      0      0      0      0    925
  6900     40     10      4      0      1      0      0    957
  6950     45     10      4      0      0      0      0    897
  7000     54     14      2      0      1      0      0    964
  7050     50     15      6      0      0      0      0    974
  7100     33     21      5      0      0      0      0    859
  7150     55     24      5      0      0      0      0    878
  7200     51     18      0      0      0      0      0    913
  7250     48     27      0      0      0      0      0    965
  7300     55     15      0      0      0      0      0    923
  7350     38     14      0      0      0      0      0    888
  7400     54     27      0      0      0      0      0    892
  7450     54     18      0      0      0      0      0    971
  7500     47     15      0      0      0      0      0    924
  7550     51     14      0      0      0      0      0    890
  7600     47     22      0      0      0      0      0    897
  7650     49     11      0      0      0      0      0    908
  7700     41     21      0      0      0      0      0    927
  7750     42     18      0      0      0      0      0    839
  7800     54     11      0      0      0      0      0    928
  7850     43     24      0      0      0      0      0    870
  7900     42     14      0      0      0      0      0    889
  7950     47     21      0      0      0      0      0    888
  8000     35      8      0      0      0      0      0     18
  8050      1      3      0      0      0      0      0      0
  8100      0      0      0      0      0      0      0      0
  8150      1      0      0      0      0      0      0      0
  8200      0      0      0      0      0      0      0      0
  8250      0      0      0      0      0      0      0      0
  8300      0      0      0      0      0      0      0      0
  8350      0      0      0      0      0      0      0      0
  8400      0      0      0      0      0      0      0      0
  8450      0      0      0      0      0      0      0      0
  8500      0      0      0      0      0      0      0      0
  8550      2      0      0      0      0      0      0      0
  8600      0      0      0      0      0      0      0      0
  8650      0      0      0      0      0      0      0      0
  8700      0      0      0      0      0      0      0      0
  8750      0      0      0      0      0      0      0      0
  8800      1      0      0      0      0      0      0      0
  8850      0      0      0      0      0      0      0      0
  8900      0      0      0      0      0      0      0      0
  8950      0      0      0      0      0      0      0      0
  9000      0      0      0      0      0      0      0      0
  9050      0      0      0      0      0      0      0      0
  9100      0      0      0      0      0      0      0      0
  9150      0      0      0      0      0      0      0      0
  9200      0      0      0      0      0      0      0      0
  9250      0      0      0      0      0      0      0      0
  9300      0      0      0      0      0      0      0      0
  9350      0      0      0      0      0      0      0      0
  9400      0      0      0      0      0      0      0      0
  9450      0      0      0      0      0      0      0      0
  9500      0      0      0      0      0      0      0      0
  9550      0      0      0      0      0      0      0      0
  9600      0      0      0      0      0      0      0      0
  9650      0      0      0      0      0      0      0      0
  9700      0      0      0      0      0      0      0      0
  9750      0      0      0      0      0      0      0      0
  9800      0      0      0      0      0      0      0      0
  9850      0      0      0      0      0      0      0      0
  9900      0      0      0      0      0      0      0      0
  9950      0      0      0      0      0      0      0      0
 10000      0      0      0      0      0      0      0      0
 10050      0      0      0      0      0      0      0      0
 10100      0      0      0      0      0      0      0      0
 10150      0      0      0      0      0      0      0      0
 10200      0      0      0      0      0      0      0      0
 10250      0      0      0      0      0      0      0      0
 10300      0      0      0      0      0      0      0      0
 10350      0      0      0      0      0      0      0      0
 10400      0      0      0      0      0      0      0      0
 10450      0      0      0      0      0      0      0      0
 10500      0      0      0      0      0      0      0      0
 10550      0      0      0      0      0      0      0      0
 10600      0      0      0      0      0      0      0      0
 10650      0      0      0      0      0      0      0      0
 10700      0      0      0      0      0      0      0      0
 10750      0      0      0      0      0      0      0      0
 10800      0      0      0      0      0      0      0      0
 10850      0      0      0      0      0      0      0      0
 10900      0      0      0      0      0      0      0      0
 10950      0      0      0      0      0      0      0      0
 11000      0      0      0      0      0      0      0      0
