      1      0      1      0      1      0      1      0      1      0      1      0      1      0      1      0
      2      0      2      0      2      0      2      0      2      0      2      0      2      0      2      0
      3      0      3      0      3      0      3      0      3      0      3      0      3      0      3      0
      4      0      4      0      4      0      4      0      4      0      4      0      4      0      4      0
      5      0      5      0      5      0      5      0      5      0      5      0      5      0      5      0
      6      0      6      1      6      0      6      0      6      0      6      0      6      0      6      0
      7      0      7      0      7      0      7      0      7      0      7      0      7      0      7      0
      8      0      8      1      8      0      8      0      8      0      8      0      8      0      8      0
      9      0      9      4      9      0      9      0      9      0      9      0      9      0      9      0
     10      0     10      6     10      0     10      0     10      0     10      0     10      0     10      0
     11      0     11      8     11      0     11      0     11      0     11      0     11      0     11      0
     12      0     12      4     12      0     12      0     12      0     12      0     12      0     12      0
     13      0     13      5     13      0     13      0     13      0     13      0     13      0     13      0
     14      0     14      4     14      0     14      0     14      0     14      0     14      0     14      0
     15      0     15      7     15      0     15      0     15      0     15      0     15      0     15      0
     16      0     16      7     16     84     16      0     16      0     16      0     16      0     16      1
     17      1     17     11     17     88     17      0     17      0     17      0     17      0     17      0
     18      6     18     15     18     46     18      0     18      0     18      0     18      0     18      1
     19     60     19     20     19     27     19      0     19      0     19      0     19      0     19      2
     20    189     20     11     20     23     20      0     20      0     20      0     20      0     20      6
     21    294     21     16     21     12     21      0     21      0     21      0     21      0     21      6
     22    372     22     21     22     11     22      0     22      0     22      0     22      0     22      8
     23    444     23     34     23     11     23      0     23      0     23      0     23      0     23      7
     24    412     24     25     24      4     24      0     24      0     24      0     24      0     24     11
     25    420     25     34     25      2     25      0     25      0     25      0     25      0     25     21
     26    431     26     33     26      4     26      0     26      0     26      0     26      0     26     23
     27    390     27     28     27      2     27      0     27      0     27      0     27      0     27     73
     28    496     28     28     28      2     28      0     28      0     28      0     28      0     28     95
     29    538     29     23     29      1     29      0     29      0     29      0     29      0     29    188
     30    520     30     32     30      2     30      0     30      0     30      0     30      0     30    296
     31    528     31     31     31      2     31      0     31      0     31      0     31      0     31    418
     32    399     32     53     32      0     32      0     32      0     32      0     32      0     32    517
     33    322     33     41     33      1     33      0     33      0     33      0     33      0     33    720
     34    311     34     43     34      0     34      0     34      0     34      0     34      0     34    844
     35    284     35     44     35      1     35      0     35      0     35      0     35      0     35   1072
     36    306     36     50     36      0     36      0     36      0     36      0     36      0     36   1158
     37    256     37     47     37      0     37      0     37      0     37      0     37      0     37   1276
     38    252     38     57     38      0     38      0     38      0     38      0     38      0     38   1351
     39    246     39     54     39      0     39      0     39      0     39      0     39      0     39   1395
     40    219     40     57     40      0     40      0     40      0     40      0     40      0     40   1323
     41    221     41     53     41      0     41      0     41      0     41      0     41      0     41   1409
     42    222     42     43     42      0     42      0     42      0     42      0     42      0     42   1448
     43    207     43     38     43      0     43      0     43      0     43      0     43      0     43   1387
     44    224     44     35     44      0     44      0     44      0     44      0     44      0     44   1356
     45    197     45     27     45      0     45      0     45      0     45      0     45      0     45   1246
     46    174     46     31     46      0     46      0     46      0     46      0     46      0     46   1280
     47    223     47     16     47      0     47      0     47      0     47      0     47      0     47   1245
     48    259     48     18     48      0     48      0     48      0     48      0     48      0     48   1250
     49    232     49     14     49      0     49      0     49      0     49      0     49      0     49   1184
     50    185     50     14     50      0     50      0     50      0     50      0     50      0     50   1166
     51    205     51     12     51      0     51      0     51      0     51      0     51      0     51   1140
     52    209     52     11     52      0     52      0     52      0     52      0     52      0     52   1128
     53    211     53      9     53      0     53      1     53      0     53      1     53      0     53   1156
     54    168     54     10     54      0     54      0     54      0     54      0     54      0     54   1144
     55    128     55     12     55      0     55      0     55      0     55      0     55      0     55   1191
     56    136     56      9     56      0     56      0     56      0     56      0     56      0     56   1134
     57    125     57      3     57      0     57      0     57      0     57      0     57      0     57   1064
     58    118     58      5     58      0     58      0     58      0     58      0     58      0     58   1162
     59    151     59      6     59      0     59      0     59      0     59      0     59      0     59   1158
     60    144     60      5     60      0     60      0     60      0     60      0     60      0     60   1118
     61    138     61      6     61      0     61      0     61      0     61      0     61      0     61   1114
     62    121     62      5     62      0     62      0     62      0     62      0     62      0     62   1097
     63    124     63      4     63      0     63      0     63      0     63      0     63      0     63   1120
     64    102     64      5     64      0     64      0     64      0     64      0     64      0     64   1100
     65    104     65      5     65      0     65      1     65      0     65      0     65      0     65   1065
     66    102     66      6     66      0     66      0     66      0     66      0     66      0     66   1071
     67    108     67      6     67      0     67      0     67      0     67      0     67      0     67   1056
     68    100     68      5     68      0     68      0     68      0     68      0     68      0     68   1136
     69    111     69      7     69      0     69      0     69      0     69      0     69      0     69   1120
     70     92     70      3     70      0     70      0     70      0     70      0     70      0     70   1088
     71    103     71      5     71      0     71      0     71      0     71      0     71      0     71   1004
     72    106     72      7     72      0     72      0     72      0     72      0     72      0     72   1049
     73    103     73      3     73      0     73      0     73      0     73      0     73      0     73   1068
     74     95     74      4     74      0     74      0     74      0     74      0     74      0     74   1041
     75    106     75      3     75      0     75      0     75      0     75      0     75      0     75   1052
     76     95     76      3     76      0     76      0     76      0     76      0     76      0     76   1005
     77     74     77      3     77      0     77      0     77      0     77      0     77      0     77   1035
     78     99     78      1     78      0     78      0     78      0     78      0     78      0     78    996
     79     80     79      2     79      0     79      0     79      0     79      0     79      0     79   1075
     80     85     80      1     80      0     80      0     80      0     80      0     80      0     80   1058
     81     80     81      4     81      0     81      1     81      0     81      0     81      0     81   1098
     82     63     82      6     82      0     82      0     82      0     82      0     82      0     82   1054
     83     72     83      6     83      0     83      0     83      0     83      0     83      0     83   1042
     84     78     84      2     84      0     84      0     84      0     84      0     84      0     84   1059
     85     63     85      0     85      0     85      0     85      0     85      0     85      0     85   1063
     86     71     86      3     86      0     86      0     86      0     86      0     86      0     86   1026
     87     63     87      5     87      0     87      0     87      0     87      0     87      0     87   1074
     88     86     88      2     88      0     88      0     88      0     88      0     88      0     88   1023
     89     76     89      2     89      0     89      0     89      0     89      0     89      0     89   1042
     90     65     90      4     90      0     90      0     90      0     90      0     90      0     90   1013
     91     67     91      3     91      0     91      0     91      0     91      0     91      0     91   1035
     92     70     92      9     92      0     92      0     92      0     92      0     92      0     92   1007
     93     64     93      5     93      0     93      0     93      0     93      0     93      0     93   1008
     94     69     94      7     94      0     94      0     94      0     94      0     94      0     94   1029
     95     67     95      6     95      0     95      0     95      0     95      0     95      0     95    942
     96     44     96     10     96      0     96      0     96      0     96      0     96      0     96    975
     97     45     97     13     97      0     97      0     97      0     97      0     97      0     97    920
     98     60     98     12     98      0     98      0     98      0     98      0     98      0     98   1018
     99     42     99     15     99      0     99      0     99      0     99      0     99      0     99   1007
    100     44    100     15    100      0    100      0    100      0    100      0    100      0    100    974
    101     40    101     12    101      0    101      0    101      0    101      0    101      0    101    949
    102     42    102     17    102      0    102      0    102      0    102      0    102      0    102    960
    103     47    103     19    103      0    103      0    103      0    103      0    103      0    103    959
    104     47    104     18    104      0    104      0    104      0    104      0    104      0    104    964
    105     43    105     25    105      0    105      0    105      0    105      0    105      0    105    924
    106     47    106     12    106      0    106      0    106      0    106      0    106      0    106    908
    107     42    107     18    107      0    107      0    107      0    107      0    107      0    107    914
    108     53    108     24    108      0    108      0    108      0    108      0    108      0    108    924
    109     45    109      7    109      0    109      0    109      0    109      0    109      0    109    959
    110     53    110     14    110      0    110      0    110      0    110      0    110      0    110    887
    111     27    111      8    111      0    111      0    111      0    111      0    111      0    111    827
    112     42    112      8    112      0    112      0    112      0    112      0    112      0    112    826
    113     54    113      8    113      0    113      0    113      0    113      0    113      0    113    893
    114     43    114     10    114      0    114      0    114      0    114      0    114      0    114    851
    115     54    115      2    115      0    115      0    115      0    115      0    115      0    115    818
    116     36    116      6    116      0    116      0    116      0    116      1    116      0    116    779
    117     39    117      6    117      0    117      0    117      0    117      0    117      0    117    783
    118     41    118      5    118      0    118      0    118      0    118      0    118      0    118    809
    119     50    119      2    119      0    119      0    119      0    119      0    119      0    119    788
    120     35    120      2    120      0    120      0    120      0    120      0    120      0    120    729
    121     51    121      2    121      0    121      0    121      0    121      0    121      0    121    764
    122     33    122      1    122      0    122      0    122      0    122      0    122      0    122    725
    123     45    123      1    123      0    123      0    123      0    123      0    123      0    123    745
    124     40    124      1    124      0    124      0    124      0    124      0    124      0    124    670
    125     49    125      0    125      0    125      0    125      0    125      0    125      0    125    737
    126     53    126      0    126      0    126      0    126      0    126      0    126      0    126    687
    127     35    127      1    127      0    127      0    127      0    127      0    127      0    127    745
    128     35    128      0    128      0    128      0    128      0    128      0    128      0    128    722
    129     36    129      0    129      0    129      0    129      0    129      0    129      0    129    720
    130     53    130      0    130      0    130      0    130      0    130      0    130      0    130    657
    131     44    131      0    131      0    131      0    131      0    131      0    131      0    131    701
    132     40    132      1    132      0    132      0    132      0    132      0    132      0    132    655
    133     52    133      0    133      0    133      0    133      0    133      0    133      0    133    654
    134     39    134      1    134      0    134      0    134      0    134      0    134      0    134    610
    135     33    135      0    135      0    135      0    135      0    135      0    135      0    135    631
    136     38    136      0    136      0    136      0    136      0    136      0    136      0    136    585
    137     41    137      1    137      0    137      0    137      0    137      0    137      0    137    607
    138     25    138      0    138      0    138      0    138      0    138      0    138      0    138    592
    139     21    139      0    139      0    139      0    139      0    139      0    139      0    139    596
    140     37    140      0    140      0    140      0    140      0    140      0    140      0    140    583
    141     36    141      0    141      0    141      0    141      0    141      0    141      0    141    578
    142     28    142      0    142      0    142      0    142      0    142      0    142      0    142    562
    143     28    143      0    143      0    143      0    143      0    143      0    143      0    143    564
    144     36    144      1    144      0    144      0    144      0    144      0    144      0    144    556
    145     33    145      0    145      0    145      0    145      0    145      0    145      0    145    521
    146     28    146      1    146      0    146      0    146      0    146      0    146      0    146    491
    147     21    147      0    147      0    147      0    147      0    147      0    147      0    147    465
    148     40    148      0    148      0    148      0    148      0    148      0    148      0    148    443
    149     16    149      0    149      0    149      0    149      0    149      0    149      0    149    442
    150     27    150      0    150      0    150      0    150      0    150      0    150      0    150    433
    151     17    151      0    151      0    151      0    151      0    151      0    151      0    151    384
    152     19    152      0    152      0    152      0    152      0    152      0    152      0    152    394
    153     24    153      0    153      0    153      0    153      0    153      0    153      0    153    359
    154     30    154      0    154      0    154      0    154      0    154      0    154      0    154    409
    155     16    155      0    155      0    155      0    155      0    155      0    155      0    155    340
    156     21    156      0    156      0    156      0    156      0    156      0    156      0    156    315
    157     21    157      0    157      0    157      0    157      0    157      0    157      0    157    335
    158     29    158      0    158      0    158      0    158      0    158      0    158      0    158    264
    159     30    159      0    159      0    159      0    159      0    159      0    159      0    159    262
    160     21    160      0    160      0    160      0    160      0    160      0    160      0    160    270
    161     27    161      0    161      0    161      0    161      0    161      0    161      0    161    273
    162     19    162      0    162      0    162      0    162      0    162      0    162      0    162    241
    163     21    163      0    163      0    163      0    163      0    163      0    163      0    163    228
    164     26    164      0    164      0    164      0    164      0    164      0    164      0    164    200
    165     22    165      0    165      0    165      0    165      0    165      0    165      0    165    194
    166     20    166      0    166      0    166      0    166      0    166      0    166      0    166    188
    167     19    167      0    167      0    167      0    167      0    167      0    167      0    167    152
    168     30    168      0    168      0    168      0    168      0    168      0    168      0    168    139
    169     16    169      0    169      0    169      0    169      0    169      0    169      0    169    146
    170     20    170      0    170      0    170      0    170      0    170      0    170      0    170    147
    171     24    171      0    171      0    171      0    171      0    171      0    171      0    171    106
    172     19    172      0    172      0    172      0    172      0    172      0    172      0    172    130
    173     22    173      0    173      0    173      0    173      0    173      0    173      0    173     84
    174     24    174      0    174      0    174      0    174      0    174      0    174      0    174     99
    175     20    175      0    175      0    175      0    175      0    175      0    175      0    175     75
    176     12    176      0    176      0    176      0    176      0    176      0    176      0    176     86
    177     19    177      0    177      0    177      0    177      0    177      0    177      0    177     59
    178     21    178      0    178      0    178      0    178      0    178      0    178      0    178     50
    179     23    179      0    179      0    179      0    179      0    179      0    179      0    179     41
    180     17    180      0    180      0    180      0    180      0    180      0    180      0    180     47
    181     24    181      0    181      0    181      0    181      0    181      0    181      0    181     44
    182     20    182      0    182      0    182      0    182      0    182      0    182      0    182     43
    183     21    183      0    183      0    183      0    183      0    183      0    183      0    183     32
    184     28    184      0    184      0    184      0    184      0    184      0    184      0    184     27
    185     12    185      0    185      0    185      0    185      0    185      0    185      0    185     32
    186     22    186      0    186      0    186      0    186      0    186      0    186      0    186     20
    187     32    187      0    187      0    187      0    187      0    187      0    187      0    187     18
    188     18    188      0    188      0    188      0    188      0    188      0    188      0    188     14
    189     16    189      0    189      0    189      0    189      0    189      0    189      0    189     12
    190     13    190      0    190      0    190      0    190      0    190      0    190      0    190      9
    191     17    191      0    191      0    191      0    191      0    191      0    191      0    191     10
    192     23    192      0    192      0    192      0    192      0    192      0    192      0    192      7
    193     16    193      0    193      0    193      0    193      0    193      0    193      0    193      5
    194     18    194      0    194      0    194      0    194      0    194      0    194      0    194      5
    195     12    195      0    195      0    195      0    195      0    195      0    195      0    195      9
    196     16    196      0    196      0    196      0    196      0    196      0    196      0    196      8
    197     23    197      0    197      0    197      0    197      0    197      0    197      0    197      4
    198     12    198      0    198      0    198      0    198      0    198      0    198      0    198      5
    199     15    199      0    199      0    199      0    199      0    199      0    199      0    199      1
    200     18    200      0    200      0    200      0    200      0    200      0    200      0    200      8
    201     13    201      0    201      0    201      0    201      0    201      0    201      0    201      3
    202     18    202      0    202      0    202      0    202      0    202      0    202      0    202      1
    203     16    203      0    203      0    203      0    203      0    203      0    203      0    203      0
    204     11    204      0    204      0    204      0    204      0    204      0    204      0    204      4
    205     18    205      0    205      0    205      0    205      0    205      0    205      0    205      1
    206     18    206      0    206      0    206      0    206      0    206      0    206      0    206      4
    207     12    207      0    207      0    207      0    207      0    207      0    207      0    207      2
    208     13    208      0    208      0    208      0    208      0    208      0    208      0    208      2
    209     23    209      0    209      0    209      0    209      0    209      0    209      0    209      0
    210     15    210      0    210      0    210      0    210      0    210      0    210      0    210      0
    211     13    211      0    211      0    211      0    211      0    211      0    211      0    211      0
    212      7    212      0    212      0    212      0    212      1    212      0    212      0    212      1
    213     18    213      0    213      0    213      0    213      0    213      0    213      0    213      3
    214     14    214      0    214      0    214      0    214      0    214      0    214      0    214      1
    215     19    215      0    215      0    215      0    215      0    215      0    215      0    215      0
    216     23    216      0    216      0    216      0    216      0    216      0    216      0    216      1
    217     22    217      0    217      0    217      0    217      0    217      0    217      0    217      1
    218     14    218      0    218      0    218      0    218      0    218      0    218      0    218      2
    219     13    219      0    219      0    219      0    219      0    219      0    219      0    219      3
    220     15    220      0    220      0    220      0    220      0    220      0    220      0    220      0
    221     11    221      0    221      0    221      0    221      0    221      0    221      0    221      2
    222     16    222      0    222      0    222      0    222      0    222      0    222      0    222      3
    223     11    223      0    223      0    223      0    223      0    223      0    223      0    223      2
    224     14    224      0    224      0    224      0    224      0    224      0    224      0    224      1
    225     10    225      0    225      0    225      0    225      0    225      0    225      0    225      0
    226     20    226      0    226      0    226      0    226      0    226      0    226      0    226      0
    227     13    227      0    227      0    227      0    227      0    227      0    227      0    227      0
    228     14    228      0    228      0    228      0    228      0    228      0    228      0    228      0
    229     10    229      0    229      0    229      0    229      0    229      0    229      0    229      1
    230     10    230      0    230      0    230      0    230      0    230      0    230      0    230      1
    231      7    231      0    231      0    231      0    231      0    231      0    231      0    231      2
    232     16    232      0    232      0    232      0    232      0    232      0    232      0    232      0
    233     18    233      0    233      0    233      0    233      0    233      0    233      0    233      1
    234     11    234      0    234      0    234      0    234      0    234      0    234      0    234      1
    235      8    235      0    235      0    235      0    235      0    235      0    235      0    235      0
    236     11    236      0    236      0    236      0    236      0    236      0    236      0    236      1
    237     19    237      0    237      0    237      0    237      0    237      0    237      0    237      1
    238      5    238      0    238      0    238      0    238      0    238      0    238      0    238      2
    239      7    239      0    239      0    239      0    239      0    239      0    239      0    239      0
    240     11    240      0    240      0    240      0    240      0    240      0    240      0    240      0
    241     11    241      0    241      0    241      0    241      0    241      0    241      0    241      1
    242     10    242      0    242      0    242      0    242      0    242      0    242      0    242      1
    243      8    243      0    243      0    243      0    243      0    243      0    243      0    243      0
    244     11    244      0    244      0    244      0    244      0    244      0    244      0    244      1
    245     16    245      0    245      0    245      0    245      0    245      0    245      0    245      0
    246     17    246      0    246      0    246      0    246      0    246      0    246      0    246      0
    247     14    247      0    247      0    247      0    247      0    247      0    247      0    247      0
    248     11    248      0    248      0    248      0    248      0    248      0    248      0    248      0
    249      9    249      0    249      0    249      0    249      0    249      0    249      0    249      1
    250     10    250      0    250      0    250      0    250      0    250      0    250      0    250      1
    251     16    251      0    251      0    251      0    251      0    251      0    251      0    251      1
    252     12    252      0    252      0    252      0    252      0    252      0    252      0    252      0
    253     13    253      0    253      0    253      0    253      0    253      0    253      0    253      1
    254      8    254      0    254      0    254      0    254      0    254      0    254      0    254      1
    255     12    255      0    255      0    255      0    255      0    255      0    255      0    255      0
    256      9    256      0    256      0    256      0    256      0    256      0    256      0    256      0
    257     11    257      0    257      0    257      0    257      0    257      0    257      0    257      1
    258     13    258      0    258      0    258      0    258      0    258      0    258      0    258      0
    259     12    259      0    259      0    259      0    259      0    259      0    259      0    259      0
    260      8    260      0    260      0    260      0    260      0    260      0    260      0    260      1
    261     10    261      0    261      0    261      0    261      0    261      0    261      0    261      2
    262     11    262      0    262      0    262      0    262      0    262      0    262      0    262      0
    263     11    263      0    263      0    263      0    263      0    263      0    263      0    263      0
    264     10    264      0    264      0    264      0    264      0    264      0    264      0    264      1
    265      8    265      0    265      0    265      0    265      0    265      0    265      0    265      0
    266     17    266      0    266      0    266      0    266      0    266      0    266      0    266      0
    267     10    267      0    267      0    267      0    267      0    267      0    267      0    267      0
    268      9    268      0    268      0    268      0    268      0    268      0    268      0    268      0
    269     16    269      0    269      0    269      0    269      0    269      0    269      0    269      0
    270      6    270      0    270      0    270      0    270      0    270      0    270      0    270      0
    271      6    271      0    271      0    271      0    271      0    271      0    271      0    271      1
    272     14    272      0    272      0    272      0    272      0    272      0    272      0    272      0
    273      9    273      0    273      0    273      0    273      0    273      0    273      0    273      1
    274      8    274      0    274      0    274      0    274      0    274      0    274      0    274      1
    275      8    275      0    275      0    275      0    275      1    275      0    275      0    275      0
    276     13    276      0    276      0    276      0    276      0    276      0    276      0    276      0
    277     12    277      0    277      0    277      0    277      0    277      0    277      0    277      1
    278     12    278      0    278      0    278      0    278      0    278      0    278      0    278      0
    279     12    279      0    279      0    279      0    279      1    279      0    279      0    279      0
    280     12    280      0    280      0    280      0    280      0    280      0    280      0    280      1
    281      7    281      0    281      0    281      0    281      0    281      0    281      0    281      0
    282     16    282      0    282      0    282      0    282      0    282      0    282      0    282      0
    283     14    283      0    283      0    283      0    283      0    283      0    283      0    283      1
    284      7    284      0    284      0    284      0    284      0    284      0    284      0    284      0
    285     11    285      0    285      0    285      0    285      0    285      0    285      0    285      0
    286     10    286      0    286      0    286      0    286      0    286      0    286      0    286      0
    287     17    287      0    287      0    287      0    287      1    287      0    287      0    287      0
    288      9    288      0    288      0    288      0    288      1    288      0    288      0    288      0
    289     17    289      0    289      0    289      0    289      0    289      0    289      0    289      0
    290     11    290      0    290      0    290      0    290      0    290      0    290      0    290      1
    291      7    291      0    291      0    291      0    291      0    291      0    291      0    291      1
    292     15    292      0    292      0    292      0    292      0    292      0    292      0    292      0
    293     11    293      0    293      0    293      0    293      0    293      0    293      0    293      1
    294      9    294      0    294      0    294      0    294      0    294      0    294      0    294      0
    295     11    295      0    295      0    295      0    295      0    295      0    295      0    295      0
    296      9    296      0    296      0    296      0    296      0    296      0    296      0    296      0
    297      5    297      0    297      0    297      0    297      0    297      0    297      0    297      0
    298     13    298      0    298      0    298      0    298      0    298      0    298      0    298      2
    299     11    299      0    299      0    299      0    299      0    299      0    299      0    299      1
    300      6    300      0    300      0    300      0    300      0    300      0    300      0    300      0
    301      4    301      0    301      0    301      0    301      0    301      0    301      0    301      0
    302     14    302      0    302      0    302      0    302      0    302      0    302      0    302      0
    303     10    303      0    303      0    303      0    303      0    303      0    303      0    303      2
    304      5    304      0    304      0    304      0    304      0    304      0    304      0    304      1
    305      5    305      0    305      0    305      0    305      0    305      0    305      0    305      0
    306      6    306      0    306      0    306      0    306      0    306      0    306      0    306      0
    307      8    307      0    307      0    307      0    307      0    307      0    307      0    307      0
    308      8    308      0    308      0    308      0    308      0    308      0    308      0    308      0
    309      7    309      0    309      0    309      0    309      0    309      0    309      0    309      0
    310      7    310      0    310      0    310      0    310      0    310      0    310      0    310      0
    311      9    311      0    311      0    311      0    311      0    311      0    311      0    311      0
    312      5    312      0    312      0    312      0    312      1    312      0    312      0    312      0
    313      9    313      0    313      0    313      0    313      0    313      0    313      0    313      0
    314      7    314      0    314      0    314      0    314      0    314      0    314      0    314      0
    315     10    315      0    315      0    315      0    315      0    315      0    315      0    315      0
    316     12    316      0    316      0    316      0    316      1    316      0    316      0    316     11
    317     13    317      0    317      0    317      0    317      0    317      0    317      0    317     17
    318      9    318      0    318      0    318      0    318      0    318      0    318      0    318     17
    319     13    319      0    319      0    319      0    319      0    319      0    319      0    319     20
    320     10    320      0    320      0    320      0    320      1    320      0    320      0    320     20
    321      9    321      0    321      0    321      0    321      0    321      0    321      0    321     17
    322     12    322      0    322      0    322      0    322      0    322      0    322      0    322     24
    323      8    323      0    323      0    323      0    323      0    323      0    323      0    323     23
    324      7    324      0    324      0    324      0    324      0    324      0    324      0    324     24
    325     15    325      0    325      0    325      0    325      0    325      0    325      0    325     23
    326      9    326      0    326      0    326      0    326      0    326      0    326      0    326     20
    327      5    327      0    327      0    327      0    327      0    327      0    327      0    327     19
    328     15    328      0    328      0    328      0    328      0    328      0    328      0    328     21
    329     12    329      0    329      0    329      0    329      0    329      0    329      0    329     26
    330     11    330      0    330      0    330      0    330      0    330      0    330      0    330     19
    331      9    331      0    331      0    331      0    331      0    331      0    331      0    331     24
    332     14    332      0    332      0    332      0    332      0    332      0    332      0    332     22
    333     10    333      0    333      0    333      0    333      0    333      0    333      0    333     19
    334     11    334      0    334      0    334      0    334      0    334      0    334      0    334     21
    335     11    335      0    335      0    335      0    335      0    335      0    335      0    335     28
    336      9    336      0    336      0    336      0    336      0    336      0    336      0    336     21
    337      9    337      0    337      0    337      0    337      0    337      0    337      0    337     29
    338      9    338      0    338      0    338      0    338      0    338      0    338      0    338     20
    339     11    339      0    339      0    339      0    339      0    339      0    339      0    339     27
    340      5    340      0    340      0    340      0    340      1    340      0    340      0    340     14
    341      6    341      0    341      0    341      0    341      0    341      0    341      0    341     20
    342      5    342      0    342      0    342      0    342      0    342      0    342      0    342     11
    343      4    343      0    343      0    343      0    343      0    343      0    343      0    343     16
    344      5    344      0    344      0    344      0    344      0    344      0    344      0    344     23
    345      4    345      0    345      0    345      0    345      0    345      0    345      0    345     18
    346      6    346      0    346      0    346      0    346      0    346      0    346      0    346     18
    347      8    347      0    347      0    347      0    347      0    347      0    347      0    347     13
    348      6    348      0    348      0    348      0    348      0    348      0    348      0    348     18
    349      4    349      0    349      0    349      0    349      0    349      0    349      0    349     24
    350      1    350      0    350      0    350      0    350      0    350      0    350      0    350     16
    351      2    351      0    351      0    351      0    351      0    351      0    351      0    351     19
    352      6    352      0    352      0    352      0    352      0    352      0    352      0    352     20
    353      2    353      0    353      0    353      0    353      0    353      0    353      0    353     20
    354      4    354      0    354      0    354      0    354      0    354      0    354      0    354     15
    355      4    355      0    355      0    355      0    355      0    355      0    355      0    355     12
    356      5    356      0    356      0    356      0    356      0    356      0    356      0    356     20
    357      5    357      0    357      0    357      0    357      0    357      0    357      0    357     11
    358      6    358      0    358      0    358      0    358      0    358      0    358      0    358     24
    359      3    359      0    359      0    359      0    359      1    359      0    359      0    359     16
    360      3    360      0    360      0    360      0    360      0    360      0    360      0    360     14
    361      1    361      0    361      0    361      0    361      0    361      0    361      0    361     21
    362      2    362      0    362      0    362      0    362      0    362      0    362      0    362     11
    363      1    363      0    363      0    363      0    363      1    363      0    363      0    363     10
    364      3    364      0    364      0    364      0    364      0    364      0    364      0    364     14
    365      4    365      0    365      0    365      0    365      0    365      0    365      0    365     16
    366      5    366      0    366      0    366      0    366      0    366      0    366      0    366     10
    367      6    367      0    367      0    367      0    367      0    367      0    367      0    367     18
    368      1    368      0    368      0    368      0    368      0    368      0    368      0    368     17
    369      1    369      0    369      0    369      0    369      0    369      0    369      0    369     26
    370      4    370      0    370      0    370      0    370      0    370      0    370      0    370     17
    371      1    371      0    371      0    371      0    371      0    371      0    371      0    371     15
    372      2    372      0    372      0    372      0    372      0    372      0    372      0    372     18
    373      4    373      0    373      0    373      0    373      0    373      0    373      0    373     15
    374      6    374      0    374      0    374      0    374      0    374      0    374      0    374     15
    375      0    375      0    375      0    375      0    375      0    375      0    375      0    375     12
    376      3    376      0    376      0    376      0    376      1    376      0    376      0    376     15
    377      6    377      0    377      0    377      0    377      0    377      0    377      0    377     18
    378      1    378      0    378      0    378      0    378      0    378      0    378      0    378      1
    379      2    379      0    379      0    379      0    379      1    379      0    379      0    379      0
    380      2    380      0    380      0    380      0    380      0    380      0    380      0    380      0
    381      1    381      0    381      0    381      0    381      0    381      0    381      0    381      0
    382      2    382      0    382      0    382      0    382      1    382      0    382      0    382      0
    383      2    383      0    383      0    383      0    383      0    383      0    383      0    383      0
    384      1    384      0    384      0    384      0    384      0    384      0    384      0    384      0
    385      0    385      0    385      0    385      0    385      0    385      0    385      0    385      0
    386      3    386      0    386      0    386      0    386      0    386      0    386      0    386      0
    387      1    387      0    387      0    387      0    387      0    387      0    387      0    387      0
    388      2    388      0    388      0    388      0    388      0    388      0    388      0    388      0
    389      1    389      0    389      0    389      0    389      0    389      0    389      0    389      0
    390      0    390      0    390      0    390      0    390      0    390      0    390      0    390      0
    391      2    391      0    391      0    391      0    391      0    391      0    391      0    391      0
    392      0    392      0    392      0    392      0    392      0    392      0    392      0    392      0
    393      1    393      0    393      0    393      0    393      0    393      0    393      0    393      0
    394      0    394      0    394      0    394      0    394      0    394      0    394      0    394      0
    395      1    395      0    395      0    395      0    395      0    395      0    395      0    395      0
    396      1    396      0    396      0    396      0    396      0    396      0    396      0    396      0
    397      1    397      0    397      0    397      0    397      0    397      0    397      0    397      0
    398      0    398      0    398      0    398      0    398      0    398      0    398      0    398      0
    399      0    399      0    399      0    399      0    399      0    399      0    399      0    399      0
    400      0    400      0    400      0    400      0    400      0    400      0    400      0    400      0
    401      2    401      0    401      0    401      0    401      0    401      0    401      0    401      0
    402      0    402      0    402      0    402      0    402      0    402      0    402      0    402      0
    403      0    403      0    403      0    403      0    403      0    403      0    403      0    403      0
    404      0    404      0    404      0    404      0    404      0    404      0    404      0    404      0
    405      0    405      0    405      0    405      0    405      0    405      0    405      0    405      0
    406      0    406      0    406      0    406      0    406      1    406      0    406      0    406      0
    407      1    407      0    407      0    407      0    407      0    407      0    407      0    407      0
    408      0    408      0    408      0    408      0    408      0    408      0    408      0    408      0
    409      0    409      0    409      0    409      0    409      0    409      0    409      0    409      0
    410      0    410      0    410      0    410      0    410      0    410      0    410      0    410      0
    411      1    411      0    411      0    411      0    411      0    411      0    411      0    411      0
    412      0    412      0    412      0    412      0    412      0    412      0    412      0    412      0
    413      1    413      0    413      0    413      0    413      0    413      0    413      0    413      0
    414      0    414      0    414      0    414      0    414      0    414      0    414      0    414      0
    415      1    415      0    415      0    415      0    415      0    415      0    415      0    415      0
    416      0    416      0    416      0    416      0    416      0    416      0    416      0    416      0
    417      0    417      0    417      0    417      0    417      0    417      0    417      0    417      0
    418      0    418      0    418      0    418      0    418      0    418      0    418      0    418      0
    419      0    419      0    419      0    419      0    419      0    419      0    419      0    419      0
    420      1    420      0    420      0    420      0    420      1    420      0    420      0    420      0
    421      0    421      0    421      0    421      0    421      0    421      0    421      0    421      0
    422      0    422      0    422      0    422      0    422      0    422      0    422      0    422      0
    423      0    423      0    423      0    423      0    423      0    423      0    423      0    423      0
    424      0    424      0    424      0    424      0    424      0    424      0    424      0    424      0
    425      0    425      0    425      0    425      0    425      0    425      0    425      0    425      0
    426      0    426      0    426      0    426      0    426      0    426      0    426      0    426      0
    427      0    427      0    427      0    427      0    427      0    427      0    427      0    427      0
    428      0    428      0    428      0    428      0    428      0    428      0    428      0    428      0
    429      0    429      0    429      0    429      0    429      1    429      0    429      0    429      0
    430      0    430      0    430      0    430      0    430      0    430      0    430      0    430      0
    431      0    431      0    431      0    431      0    431      0    431      0    431      0    431      0
    432      0    432      0    432      0    432      0    432      0    432      0    432      0    432      0
    433      0    433      0    433      0    433      0    433      0    433      0    433      0    433      0
    434      0    434      0    434      0    434      0    434      0    434      0    434      0    434      0
    435      0    435      0    435      0    435      0    435      0    435      0    435      0    435      0
    436      0    436      0    436      0    436      0    436      0    436      0    436      0    436      0
    437      0    437      0    437      0    437      0    437      0    437      0    437      0    437      0
    438      0    438      0    438      0    438      0    438      0    438      0    438      0    438      0
    439      0    439      0    439      0    439      0    439      0    439      0    439      0    439      0
    440      0    440      0    440      0    440      0    440      0    440      0    440      0    440      0
    441      0    441      0    441      0    441      0    441      0    441      0    441      0    441      0
    442      0    442      0    442      0    442      0    442      0    442      0    442      0    442      0
    443      0    443      0    443      0    443      0    443      0    443      0    443      0    443      0
    444      0    444      0    444      0    444      0    444      0    444      0    444      0    444      0
    445      0    445      0    445      0    445      0    445      0    445      0    445      0    445      0
    446      0    446      0    446      0    446      0    446      1    446      0    446      0    446      0
    447      0    447      0    447      0    447      0    447      0    447      0    447      0    447      0
    448      0    448      0    448      0    448      0    448      1    448      0    448      0    448      0
    449      0    449      0    449      0    449      0    449      1    449      0    449      0    449      0
    450      0    450      0    450      0    450      0    450      0    450      0    450      0    450      0
    451      0    451      0    451      0    451      0    451      0    451      0    451      0    451      0
    452      0    452      0    452      0    452      0    452      0    452      0    452      0    452      0
    453      0    453      0    453      0    453      0    453      0    453      0    453      0    453      0
    454      0    454      0    454      0    454      0    454      1    454      0    454      0    454      0
    455      0    455      0    455      0    455      0    455      0    455      0    455      0    455      0
    456      0    456      0    456      0    456      0    456      0    456      0    456      0    456      0
    457      0    457      0    457      0    457      0    457      0    457      0    457      0    457      0
    458      0    458      0    458      0    458      0    458      0    458      0    458      0    458      0
    459      0    459      0    459      0    459      0    459      0    459      0    459      0    459      0
    460      0    460      0    460      0    460      0    460      0    460      0    460      0    460      0
    461      0    461      0    461      0    461      0    461      0    461      0    461      0    461      0
    462      0    462      0    462      0    462      0    462      0    462      0    462      0    462      0
    463      0    463      0    463      0    463      0    463      0    463      0    463      0    463      0
    464      0    464      0    464      0    464      0    464      0    464      0    464      0    464      0
    465      0    465      0    465      0    465      0    465      1    465      0    465      0    465      0
    466      0    466      0    466      0    466      0    466      0    466      0    466      0    466      0
    467      0    467      0    467      0    467      0    467      0    467      0    467      0    467      0
    468      0    468      0    468      0    468      0    468      0    468      0    468      0    468      0
    469      0    469      0    469      0    469      0    469      1    469      0    469      0    469      0
    470      0    470      0    470      0    470      0    470      0    470      0    470      0    470      0
    471      0    471      0    471      0    471      0    471      0    471      0    471      0    471      0
    472      0    472      0    472      0    472      0    472      0    472      0    472      0    472      0
    473      0    473      0    473      0    473      0    473      0    473      0    473      0    473      0
    474      0    474      0    474      0    474      0    474      0    474      0    474      0    474      0
    475      0    475      0    475      0    475      0    475      1    475      0    475      0    475      0
    476      0    476      0    476      0    476      0    476      1    476      0    476      0    476      0
    477      0    477      0    477      0    477      0    477      0    477      0    477      0    477      0
    478      0    478      0    478      0    478      0    478      0    478      0    478      0    478      0
    479      0    479      0    479      0    479      0    479      0    479      0    479      0    479      0
    480      0    480      0    480      0    480      0    480      0    480      0    480      0    480      0
    481      0    481      0    481      0    481      0    481      0    481      0    481      0    481      0
    482      0    482      0    482      0    482      0    482      1    482      0    482      0    482      0
    483      0    483      0    483      0    483      0    483      0    483      0    483      0    483      0
    484      0    484      0    484      0    484      0    484      0    484      0    484      0    484      0
    485      0    485      0    485      0    485      0    485      0    485      0    485      0    485      0
    486      0    486      0    486      0    486      0    486      0    486      0    486      0    486      0
    487      0    487      0    487      0    487      0    487      0    487      0    487      0    487      0
    488      0    488      0    488      0    488      0    488      1    488      0    488      0    488      0
    489      0    489      0    489      0    489      0    489      0    489      0    489      0    489      0
    490      0    490      0    490      0    490      0    490      0    490      0    490      0    490      0
    491      0    491      0    491      0    491      0    491      2    491      0    491      0    491      0
    492      0    492      0    492      0    492      0    492      0    492      0    492      0    492      0
    493      0    493      0    493      0    493      0    493      0    493      0    493      0    493      0
    494      0    494      0    494      0    494      0    494      0    494      0    494      0    494      0
    495      0    495      0    495      0    495      0    495      0    495      0    495      0    495      0
    496      0    496      0    496      0    496      0    496      0    496      0    496      0    496      0
    497      0    497      0    497      0    497      0    497      0    497      0    497      0    497      0
    498      0    498      0    498      0    498      0    498      1    498      0    498      0    498      0
    499      0    499      0    499      0    499      0    499      0    499      0    499      0    499      0
    500      0    500      0    500      0    500      0    500      0    500      0    500      0    500      0
    501      0    501      0    501      0    501      0    501      0    501      0    501      0    501      0
    502      0    502      0    502      0    502      0    502      1    502      0    502      0    502      0
    503      0    503      0    503      0    503      0    503      0    503      0    503      0    503      0
    504      0    504      0    504      0    504      0    504      0    504      0    504      0    504      0
    505      0    505      0    505      0    505      0    505      0    505      0    505      0    505      0
    506      0    506      0    506      0    506      0    506      0    506      0    506      0    506      0
    507      0    507      0    507      0    507      0    507      0    507      0    507      0    507      0
    508      0    508      0    508      0    508      0    508      0    508      0    508      0    508      0
    509      0    509      0    509      0    509      0    509      0    509      0    509      0    509      0
    510      0    510      0    510      0    510      0    510      0    510      0    510      0    510      0
    511      0    511      0    511      0    511      0    511      0    511      0    511      0    511      0
    512      0    512      0    512      0    512      0    512      0    512      0    512      0    512      0
