      1      0      1      0      1      0      1      0      1      0      1      0      1      0      1      0
      2      0      2      0      2      0      2      0      2      0      2      0      2      0      2      0
      3      0      3      0      3      0      3      0      3      0      3      0      3      0      3      0
      4      0      4      0      4      0      4      0      4      0      4      0      4      0      4      0
      5      0      5      0      5      0      5      0      5      0      5      0      5      0      5      0
      6      0      6      0      6      0      6      0      6      0      6      0      6      0      6      0
      7      0      7      0      7      0      7      0      7      0      7      0      7      0      7      0
      8      0      8      0      8      0      8      0      8      0      8      0      8      0      8      0
      9      0      9      0      9      0      9      0      9      0      9      0      9      0      9      0
     10      0     10      2     10      0     10      0     10      0     10      0     10      0     10      0
     11      0     11      0     11      0     11      0     11      0     11      0     11      0     11      0
     12      0     12      5     12      0     12      0     12      0     12      0     12      0     12      0
     13      0     13      5     13      0     13      0     13      0     13      0     13      0     13      0
     14      0     14     11     14      0     14      0     14      0     14      0     14      0     14      0
     15      0     15      6     15      0     15      0     15      0     15      0     15      0     15      0
     16      0     16     15     16    114     16      0     16      0     16      0     16      0     16      0
     17      0     17     14     17     65     17      0     17      0     17      0     17      0     17      0
     18      9     18      9     18     51     18      0     18      0     18      0     18      0     18      3
     19     74     19     13     19     34     19      0     19      0     19      0     19      0     19      4
     20    218     20     10     20     22     20      0     20      0     20      0     20      0     20      4
     21    339     21     23     21     10     21      0     21      0     21      0     21      0     21      2
     22    406     22     22     22     12     22      0     22      0     22      0     22      0     22      2
     23    419     23     18     23      8     23      0     23      0     23      0     23      0     23     12
     24    453     24     19     24      2     24      0     24      0     24      0     24      0     24     11
     25    493     25     21     25     10     25      0     25      0     25      0     25      0     25     18
     26    423     26     22     26      4     26      0     26      0     26      0     26      0     26     32
     27    431     27     22     27      5     27      0     27      0     27      0     27      0     27     57
     28    477     28     22     28      0     28      0     28      0     28      0     28      0     28    119
     29    511     29     37     29      0     29      0     29      0     29      0     29      0     29    177
     30    516     30     33     30      0     30      0     30      0     30      0     30      0     30    276
     31    486     31     27     31      0     31      0     31      0     31      0     31      0     31    407
     32    397     32     28     32      0     32      0     32      0     32      0     32      0     32    475
     33    359     33     37     33      0     33      0     33      0     33      0     33      0     33    637
     34    281     34     41     34      1     34      0     34      0     34      0     34      0     34    758
     35    315     35     38     35      0     35      0     35      0     35      0     35      0     35    920
     36    278     36     38     36      0     36      0     36      0     36      0     36      0     36    961
     37    279     37     53     37      0     37      0     37      0     37      0     37      0     37   1141
     38    248     38     41     38      0     38      0     38      0     38      0     38      0     38   1134
     39    245     39     55     39      0     39      0     39      0     39      0     39      0     39   1243
     40    225     40     48     40      0     40      0     40      0     40      0     40      0     40   1186
     41    220     41     39     41      0     41      0     41      0     41      0     41      0     41   1231
     42    230     42     40     42      0     42      0     42      0     42      0     42      0     42   1190
     43    208     43     40     43      0     43      0     43      0     43      0     43      0     43   1150
     44    195     44     24     44      1     44      0     44      0     44      0     44      0     44   1169
     45    182     45     18     45      0     45      0     45      0     45      0     45      0     45   1068
     46    172     46     19     46      0     46      0     46      0     46      0     46      0     46   1188
     47    195     47     18     47      0     47      0     47      0     47      0     47      0     47   1144
     48    212     48     19     48      0     48      0     48      0     48      0     48      0     48   1025
     49    205     49     14     49      0     49      0     49      0     49      0     49      0     49   1059
     50    192     50      3     50      0     50      0     50      0     50      0     50      0     50   1058
     51    168     51      7     51      0     51      0     51      0     51      0     51      0     51   1042
     52    201     52      4     52      0     52      0     52      0     52      0     52      0     52   1017
     53    189     53      9     53      0     53      0     53      0     53      0     53      0     53   1010
     54    150     54      3     54      0     54      0     54      0     54      0     54      0     54   1023
     55    107     55      4     55      0     55      0     55      0     55      0     55      0     55   1009
     56    135     56      4     56      0     56      0     56      0     56      0     56      0     56    942
     57    112     57      6     57      0     57      1     57      0     57      0     57      0     57    969
     58    140     58     11     58      0     58      0     58      0     58      0     58      0     58    976
     59    117     59      8     59      0     59      1     59      0     59      0     59      0     59   1022
     60     99     60      7     60      0     60      1     60      0     60      1     60      0     60   1043
     61     97     61     11     61      0     61      0     61      0     61      0     61      0     61   1028
     62    113     62      5     62      0     62      0     62      0     62      0     62      0     62   1033
     63     98     63      2     63      0     63      0     63      0     63      0     63      0     63    992
     64     96     64      2     64      0     64      0     64      0     64      0     64      0     64   1066
     65     94     65      5     65      0     65      1     65      0     65      0     65      0     65   1015
     66    117     66      6     66      0     66      0     66      0     66      0     66      0     66   1034
     67    105     67      5     67      0     67      0     67      0     67      0     67      0     67    962
     68     95     68      4     68      0     68      0     68      0     68      0     68      0     68    994
     69     72     69      4     69      0     69      0     69      0     69      0     69      0     69    947
     70     92     70      3     70      0     70      0     70      0     70      0     70      0     70    909
     71     95     71      6     71      0     71      0     71      0     71      0     71      0     71   1004
     72     90     72      5     72      0     72      0     72      0     72      0     72      0     72   1010
     73     92     73      3     73      0     73      0     73      0     73      0     73      0     73    937
     74     78     74      4     74      0     74      0     74      0     74      0     74      0     74   1008
     75     94     75      1     75      0     75      0     75      0     75      0     75      0     75   1015
     76     81     76      4     76      0     76      0     76      0     76      0     76      0     76    984
     77     78     77      2     77      0     77      0     77      0     77      0     77      0     77    970
     78     66     78      1     78      0     78      0     78      0     78      0     78      0     78    941
     79     88     79      1     79      0     79      0     79      0     79      0     79      0     79    957
     80     54     80      4     80      0     80      0     80      0     80      0     80      0     80    996
     81     62     81      2     81      0     81      0     81      0     81      0     81      0     81    918
     82     79     82      1     82      0     82      0     82      0     82      0     82      0     82    966
     83     55     83      3     83      0     83      0     83      0     83      0     83      0     83    940
     84     58     84      2     84      0     84      0     84      0     84      0     84      0     84    977
     85     66     85      3     85      0     85      0     85      0     85      0     85      0     85    959
     86     67     86      4     86      0     86      0     86      0     86      0     86      0     86    939
     87     61     87      2     87      0     87      0     87      0     87      0     87      0     87    955
     88     69     88      6     88      0     88      0     88      0     88      0     88      0     88    900
     89     58     89      6     89      0     89      0     89      0     89      0     89      0     89    925
     90     71     90      3     90      0     90      0     90      0     90      0     90      0     90    876
     91     67     91      1     91      0     91      0     91      0     91      0     91      0     91    916
     92     58     92      8     92      0     92      0     92      0     92      0     92      0     92    974
     93     50     93      5     93      0     93      0     93      0     93      0     93      0     93    917
     94     47     94      1     94      0     94      0     94      0     94      0     94      0     94    974
     95     47     95      4     95      0     95      0     95      0     95      0     95      0     95    917
     96     50     96      8     96      0     96      0     96      0     96      0     96      0     96    907
     97     42     97      3     97      0     97      0     97      0     97      0     97      0     97    846
     98     52     98     10     98      0     98      0     98      0     98      0     98      0     98    905
     99     35     99     13     99      0     99      0     99      0     99      0     99      0     99    938
    100     52    100     13    100      0    100      0    100      0    100      0    100      0    100    884
    101     45    101      9    101      0    101      0    101      0    101      0    101      0    101    794
    102     34    102     12    102      0    102      0    102      0    102      0    102      0    102    844
    103     43    103     15    103      0    103      0    103      0    103      0    103      0    103    854
    104     41    104     17    104      0    104      0    104      0    104      0    104      0    104    843
    105     33    105     13    105      0    105      0    105      0    105      0    105      0    105    873
    106     40    106     20    106      0    106      0    106      0    106      0    106      0    106    868
    107     41    107      9    107      0    107      0    107      0    107      0    107      0    107    839
    108     42    108     11    108      0    108      0    108      0    108      0    108      0    108    817
    109     23    109     12    109      0    109      0    109      0    109      0    109      0    109    790
    110     35    110      5    110      0    110      0    110      0    110      0    110      0    110    770
    111     35    111     14    111      0    111      0    111      0    111      0    111      0    111    775
    112     30    112      8    112      0    112      0    112      0    112      0    112      0    112    773
    113     38    113      7    113      0    113      0    113      0    113      0    113      0    113    724
    114     38    114      6    114      0    114      0    114      0    114      0    114      0    114    760
    115     37    115      6    115      0    115      0    115      0    115      0    115      0    115    716
    116     35    116      5    116      0    116      0    116      0    116      0    116      0    116    698
    117     32    117      0    117      0    117      0    117      0    117      0    117      0    117    662
    118     44    118      2    118      0    118      0    118      0    118      0    118      0    118    742
    119     44    119      4    119      0    119      0    119      0    119      0    119      0    119    643
    120     32    120      4    120      0    120      0    120      0    120      0    120      0    120    682
    121     41    121      3    121      0    121      0    121      0    121      0    121      0    121    673
    122     45    122      2    122      0    122      0    122      0    122      0    122      0    122    668
    123     31    123      3    123      0    123      0    123      0    123      0    123      0    123    651
    124     28    124      0    124      0    124      0    124      0    124      0    124      0    124    638
    125     44    125      0    125      0    125      0    125      0    125      0    125      0    125    646
    126     45    126      0    126      0    126      0    126      0    126      0    126      0    126    621
    127     37    127      0    127      0    127      0    127      0    127      0    127      0    127    620
    128     35    128      0    128      0    128      0    128      0    128      0    128      0    128    603
    129     27    129      2    129      0    129      0    129      0    129      0    129      0    129    611
    130     29    130      0    130      0    130      0    130      0    130      0    130      0    130    568
    131     44    131      0    131      0    131      0    131      0    131      0    131      0    131    538
    132     36    132      0    132      0    132      0    132      0    132      0    132      0    132    553
    133     35    133      0    133      0    133      0    133      0    133      0    133      0    133    563
    134     32    134      1    134      0    134      0    134      0    134      0    134      0    134    563
    135     38    135      0    135      0    135      0    135      0    135      0    135      0    135    561
    136     35    136      0    136      0    136      0    136      0    136      0    136      0    136    548
    137     32    137      0    137      0    137      0    137      0    137      0    137      0    137    482
    138     33    138      0    138      0    138      0    138      0    138      0    138      0    138    565
    139     36    139      0    139      0    139      0    139      0    139      0    139      0    139    524
    140     30    140      0    140      0    140      0    140      0    140      0    140      0    140    477
    141     25    141      0    141      0    141      0    141      0    141      0    141      0    141    504
    142     26    142      0    142      0    142      0    142      0    142      0    142      0    142    491
    143     27    143      0    143      0    143      0    143      0    143      0    143      0    143    480
    144     15    144      0    144      0    144      0    144      0    144      0    144      0    144    475
    145     26    145      0    145      0    145      0    145      0    145      0    145      0    145    459
    146     24    146      0    146      0    146      0    146      0    146      0    146      0    146    401
    147     17    147      0    147      0    147      0    147      0    147      0    147      0    147    458
    148     14    148      0    148      0    148      0    148      0    148      0    148      0    148    445
    149     15    149      0    149      0    149      0    149      0    149      0    149      0    149    379
    150     12    150      0    150      0    150      0    150      0    150      0    150      0    150    375
    151     23    151      0    151      0    151      0    151      0    151      0    151      0    151    366
    152     15    152      1    152      0    152      0    152      0    152      0    152      0    152    339
    153     18    153      0    153      0    153      0    153      0    153      0    153      0    153    327
    154     22    154      0    154      0    154      0    154      0    154      0    154      0    154    305
    155     15    155      0    155      0    155      0    155      0    155      0    155      0    155    314
    156     23    156      0    156      0    156      0    156      0    156      0    156      0    156    269
    157     28    157      0    157      0    157      0    157      0    157      0    157      0    157    270
    158     16    158      0    158      0    158      0    158      0    158      0    158      0    158    235
    159     14    159      0    159      0    159      0    159      0    159      0    159      0    159    231
    160     19    160      0    160      0    160      0    160      0    160      0    160      0    160    251
    161     25    161      0    161      0    161      0    161      0    161      0    161      0    161    212
    162     15    162      0    162      0    162      0    162      0    162      0    162      0    162    195
    163     15    163      0    163      0    163      0    163      0    163      0    163      0    163    177
    164     12    164      0    164      0    164      0    164      0    164      0    164      0    164    149
    165     27    165      0    165      0    165      0    165      0    165      0    165      0    165    169
    166     21    166      0    166      0    166      0    166      0    166      0    166      0    166    127
    167     19    167      0    167      0    167      0    167      0    167      0    167      0    167    136
    168     14    168      0    168      0    168      0    168      0    168      0    168      0    168    112
    169     14    169      0    169      0    169      0    169      0    169      0    169      0    169    102
    170     15    170      0    170      0    170      0    170      0    170      0    170      0    170     94
    171     19    171      0    171      0    171      0    171      0    171      0    171      0    171     96
    172     22    172      0    172      0    172      0    172      0    172      0    172      0    172     97
    173     14    173      0    173      0    173      0    173      0    173      0    173      0    173     78
    174     16    174      0    174      0    174      0    174      0    174      0    174      0    174     60
    175     16    175      0    175      0    175      0    175      1    175      0    175      0    175     62
    176     15    176      0    176      0    176      0    176      0    176      0    176      0    176     54
    177     22    177      0    177      0    177      0    177      0    177      0    177      0    177     40
    178     17    178      0    178      0    178      0    178      0    178      0    178      0    178     49
    179     13    179      0    179      0    179      0    179      0    179      0    179      0    179     33
    180     15    180      0    180      0    180      0    180      0    180      0    180      0    180     34
    181     11    181      0    181      0    181      0    181      0    181      0    181      0    181     27
    182     16    182      0    182      0    182      0    182      0    182      0    182      0    182     29
    183     14    183      0    183      0    183      0    183      0    183      0    183      0    183     31
    184     18    184      0    184      0    184      0    184      0    184      0    184      0    184     30
    185     15    185      0    185      0    185      0    185      0    185      0    185      0    185     17
    186     12    186      0    186      0    186      0    186      0    186      0    186      0    186     13
    187     22    187      0    187      0    187      0    187      0    187      0    187      0    187      8
    188     11    188      0    188      0    188      0    188      0    188      0    188      0    188     13
    189     11    189      0    189      0    189      0    189      0    189      0    189      0    189      8
    190     15    190      0    190      0    190      0    190      0    190      0    190      0    190     10
    191     18    191      0    191      0    191      0    191      0    191      0    191      0    191      6
    192     15    192      0    192      0    192      0    192      0    192      0    192      0    192      4
    193     13    193      0    193      0    193      0    193      0    193      0    193      0    193      6
    194     11    194      0    194      0    194      0    194      0    194      0    194      0    194      3
    195     10    195      0    195      0    195      0    195      0    195      0    195      0    195      5
    196      9    196      0    196      0    196      0    196      0    196      0    196      0    196      3
    197     17    197      0    197      0    197      0    197      0    197      0    197      0    197      6
    198     14    198      0    198      0    198      0    198      0    198      0    198      0    198      4
    199     16    199      0    199      0    199      0    199      0    199      0    199      0    199      0
    200     14    200      0    200      0    200      0    200      0    200      0    200      0    200      1
    201     17    201      0    201      0    201      0    201      0    201      0    201      0    201      3
    202     12    202      0    202      0    202      0    202      0    202      0    202      0    202      2
    203      8    203      0    203      0    203      0    203      0    203      0    203      0    203      0
    204     11    204      0    204      0    204      0    204      0    204      0    204      0    204      0
    205     12    205      0    205      0    205      0    205      0    205      0    205      0    205      2
    206     13    206      0    206      0    206      0    206      0    206      0    206      0    206      1
    207     11    207      0    207      0    207      0    207      0    207      0    207      0    207      1
    208     14    208      0    208      0    208      0    208      0    208      0    208      0    208      2
    209     11    209      0    209      0    209      0    209      0    209      0    209      0    209      1
    210     21    210      0    210      0    210      0    210      0    210      0    210      0    210      0
    211     12    211      0    211      0    211      0    211      0    211      0    211      0    211      1
    212     11    212      0    212      0    212      0    212      0    212      0    212      0    212      0
    213     11    213      0    213      0    213      0    213      0    213      0    213      0    213      0
    214     13    214      0    214      0    214      0    214      1    214      0    214      0    214      0
    215      8    215      0    215      0    215      0    215      0    215      0    215      0    215      1
    216     10    216      0    216      0    216      0    216      0    216      0    216      0    216      0
    217      9    217      0    217      0    217      0    217      0    217      0    217      0    217      1
    218     12    218      0    218      0    218      0    218      0    218      0    218      0    218      0
    219      7    219      0    219      0    219      0    219      0    219      0    219      0    219      1
    220      9    220      0    220      0    220      0    220      1    220      0    220      0    220      1
    221     17    221      0    221      0    221      0    221      0    221      0    221      0    221      0
    222     14    222      0    222      0    222      0    222      0    222      0    222      0    222      1
    223     11    223      0    223      0    223      0    223      0    223      0    223      0    223      1
    224     14    224      0    224      0    224      0    224      0    224      0    224      0    224      0
    225      7    225      0    225      0    225      0    225      0    225      0    225      0    225      1
    226     15    226      0    226      0    226      0    226      0    226      0    226      0    226      1
    227     14    227      0    227      0    227      0    227      0    227      0    227      0    227      0
    228      9    228      0    228      0    228      0    228      0    228      0    228      0    228      0
    229     11    229      0    229      0    229      0    229      0    229      0    229      0    229      0
    230     16    230      0    230      0    230      0    230      0    230      0    230      0    230      0
    231      9    231      0    231      0    231      0    231      0    231      0    231      0    231      0
    232     17    232      0    232      0    232      0    232      0    232      0    232      0    232      1
    233     12    233      0    233      0    233      0    233      0    233      0    233      0    233      0
    234      7    234      0    234      0    234      0    234      0    234      0    234      0    234      0
    235     11    235      0    235      0    235      0    235      0    235      0    235      0    235      0
    236      7    236      0    236      0    236      0    236      0    236      0    236      0    236      0
    237     11    237      0    237      0    237      0    237      1    237      0    237      0    237      1
    238     17    238      0    238      0    238      0    238      0    238      0    238      0    238      0
    239     12    239      0    239      0    239      0    239      0    239      0    239      0    239      0
    240      8    240      0    240      0    240      0    240      0    240      0    240      0    240      1
    241      8    241      0    241      0    241      0    241      0    241      0    241      0    241      1
    242      8    242      0    242      0    242      0    242      0    242      0    242      0    242      0
    243     11    243      0    243      0    243      0    243      0    243      0    243      0    243      1
    244     10    244      0    244      0    244      0    244      0    244      0    244      0    244      0
    245     11    245      0    245      0    245      0    245      0    245      0    245      0    245      1
    246     16    246      0    246      0    246      0    246      0    246      0    246      0    246      1
    247     10    247      0    247      0    247      0    247      0    247      0    247      0    247      1
    248      9    248      0    248      0    248      0    248      0    248      0    248      0    248      0
    249      6    249      0    249      0    249      0    249      0    249      0    249      0    249      0
    250     11    250      0    250      0    250      0    250      0    250      0    250      0    250      0
    251     11    251      0    251      0    251      0    251      0    251      0    251      0    251      0
    252     13    252      0    252      0    252      0    252      0    252      0    252      0    252      0
    253     10    253      0    253      0    253      0    253      0    253      0    253      0    253      0
    254     10    254      0    254      0    254      0    254      0    254      0    254      0    254      0
    255      7    255      0    255      0    255      0    255      0    255      0    255      0    255      0
    256      8    256      0    256      0    256      0    256      0    256      0    256      0    256      1
    257     10    257      0    257      0    257      0    257      0    257      0    257      0    257      0
    258      9    258      0    258      0    258      0    258      0    258      0    258      0    258      1
    259      7    259      0    259      0    259      0    259      0    259      0    259      0    259      0
    260      9    260      0    260      0    260      0    260      0    260      0    260      0    260      0
    261     10    261      0    261      0    261      0    261      0    261      0    261      0    261      0
    262     10    262      0    262      0    262      0    262      0    262      0    262      0    262      0
    263      7    263      0    263      0    263      0    263      0    263      0    263      0    263      1
    264     11    264      0    264      0    264      0    264      0    264      0    264      0    264      0
    265      9    265      0    265      0    265      0    265      0    265      0    265      0    265      0
    266     11    266      0    266      0    266      0    266      0    266      0    266      0    266      0
    267     14    267      0    267      0    267      0    267      0    267      0    267      0    267      0
    268      9    268      0    268      0    268      0    268      1    268      0    268      0    268      0
    269      7    269      0    269      0    269      0    269      0    269      0    269      0    269      0
    270      8    270      0    270      0    270      0    270      0    270      0    270      0    270      0
    271     11    271      0    271      0    271      0    271      0    271      0    271      0    271      1
    272     11    272      0    272      0    272      0    272      0    272      0    272      0    272      1
    273     13    273      0    273      0    273      0    273      0    273      0    273      0    273      0
    274     18    274      0    274      0    274      0    274      0    274      0    274      0    274      0
    275     10    275      0    275      0    275      0    275      0    275      0    275      0    275      0
    276     11    276      0    276      0    276      0    276      0    276      0    276      0    276      1
    277      9    277      0    277      0    277      0    277      0    277      0    277      0    277      0
    278     11    278      0    278      0    278      0    278      0    278      0    278      0    278      1
    279      6    279      0    279      0    279      0    279      1    279      0    279      0    279      1
    280     11    280      0    280      0    280      0    280      0    280      0    280      0    280      0
    281      8    281      0    281      0    281      0    281      0    281      0    281      0    281      0
    282     10    282      0    282      0    282      0    282      0    282      0    282      0    282      0
    283      4    283      0    283      0    283      0    283      0    283      0    283      0    283      0
    284     11    284      0    284      0    284      0    284      0    284      0    284      0    284      1
    285     10    285      0    285      0    285      0    285      0    285      0    285      0    285      0
    286      7    286      0    286      0    286      0    286      0    286      0    286      0    286      0
    287     10    287      0    287      0    287      0    287      0    287      0    287      0    287      0
    288      4    288      0    288      0    288      0    288      0    288      0    288      0    288      0
    289     11    289      0    289      0    289      0    289      0    289      0    289      0    289      0
    290      7    290      0    290      0    290      0    290      0    290      0    290      0    290      0
    291      8    291      0    291      0    291      0    291      0    291      0    291      0    291      0
    292     10    292      0    292      0    292      0    292      0    292      0    292      0    292      0
    293     12    293      0    293      0    293      0    293      0    293      0    293      0    293      0
    294     11    294      0    294      0    294      0    294      0    294      0    294      0    294      0
    295     10    295      0    295      0    295      0    295      0    295      0    295      0    295      0
    296      9    296      0    296      0    296      0    296      0    296      0    296      0    296      1
    297      9    297      0    297      0    297      0    297      0    297      0    297      0    297      0
    298      7    298      0    298      0    298      0    298      0    298      0    298      0    298      0
    299      9    299      0    299      0    299      0    299      0    299      0    299      0    299      1
    300     11    300      0    300      0    300      0    300      0    300      0    300      0    300      0
    301      2    301      0    301      0    301      0    301      0    301      0    301      0    301      0
    302      9    302      0    302      0    302      0    302      1    302      0    302      0    302      0
    303     12    303      0    303      0    303      0    303      0    303      0    303      0    303      0
    304      8    304      0    304      0    304      0    304      0    304      0    304      0    304      0
    305      9    305      0    305      0    305      0    305      0    305      0    305      0    305      0
    306     11    306      0    306      0    306      0    306      0    306      0    306      0    306      0
    307      7    307      0    307      0    307      0    307      0    307      0    307      0    307      0
    308      7    308      0    308      0    308      0    308      0    308      0    308      0    308      0
    309     14    309      0    309      0    309      0    309      0    309      0    309      0    309      0
    310      7    310      0    310      0    310      0    310      0    310      0    310      0    310      0
    311      8    311      0    311      0    311      0    311      0    311      0    311      0    311      0
    312      7    312      0    312      0    312      0    312      0    312      0    312      0    312      0
    313      6    313      0    313      0    313      0    313      0    313      0    313      0    313      0
    314      7    314      0    314      0    314      0    314      0    314      0    314      0    314      0
    315      9    315      0    315      0    315      0    315      0    315      0    315      0    315      0
    316     10    316      0    316      0    316      0    316      0    316      0    316      0    316     12
    317     11    317      0    317      0    317      0    317      0    317      0    317      0    317     25
    318      7    318      0    318      0    318      0    318      0    318      0    318      0    318     25
    319      5    319      0    319      0    319      0    319      0    319      0    319      0    319     25
    320      5    320      0    320      0    320      0    320      0    320      0    320      0    320     25
    321      7    321      0    321      0    321      0    321      0    321      0    321      0    321     21
    322      4    322      0    322      0    322      0    322      0    322      0    322      0    322     22
    323      8    323      0    323      0    323      0    323      0    323      0    323      0    323     20
    324      8    324      0    324      0    324      0    324      0    324      0    324      0    324     18
    325      7    325      0    325      0    325      0    325      0    325      0    325      0    325     12
    326      5    326      0    326      0    326      0    326      1    326      0    326      0    326     26
    327     13    327      0    327      0    327      0    327      0    327      0    327      0    327     13
    328     18    328      0    328      0    328      0    328      0    328      0    328      0    328     26
    329      6    329      0    329      0    329      0    329      0    329      0    329      0    329     10
    330      7    330      0    330      0    330      0    330      0    330      0    330      0    330     14
    331      9    331      0    331      0    331      0    331      0    331      0    331      0    331     23
    332      9    332      0    332      0    332      0    332      0    332      0    332      0    332     17
    333      7    333      0    333      0    333      0    333      0    333      0    333      0    333     18
    334     10    334      0    334      0    334      0    334      0    334      0    334      0    334     21
    335     10    335      0    335      0    335      0    335      0    335      0    335      0    335     17
    336      8    336      0    336      0    336      0    336      0    336      0    336      0    336     11
    337      9    337      0    337      0    337      0    337      0    337      0    337      0    337     21
    338      2    338      0    338      0    338      0    338      0    338      0    338      0    338     16
    339      8    339      0    339      0    339      0    339      0    339      0    339      0    339     18
    340      9    340      0    340      0    340      0    340      0    340      0    340      0    340     11
    341      7    341      0    341      0    341      0    341      0    341      0    341      0    341     12
    342      7    342      0    342      0    342      0    342      0    342      0    342      0    342     19
    343      1    343      0    343      0    343      0    343      0    343      0    343      0    343     20
    344      8    344      0    344      0    344      0    344      0    344      0    344      0    344     11
    345      6    345      0    345      0    345      0    345      0    345      0    345      0    345     20
    346      7    346      0    346      0    346      0    346      0    346      0    346      0    346     17
    347      6    347      0    347      0    347      0    347      0    347      0    347      0    347     16
    348      4    348      0    348      0    348      0    348      0    348      0    348      0    348     10
    349      5    349      0    349      0    349      0    349      0    349      0    349      0    349     20
    350      5    350      0    350      0    350      0    350      0    350      0    350      0    350     15
    351      4    351      0    351      0    351      0    351      0    351      0    351      0    351     16
    352      4    352      0    352      0    352      0    352      0    352      0    352      0    352     11
    353      3    353      0    353      0    353      0    353      1    353      0    353      0    353      9
    354      7    354      0    354      0    354      0    354      0    354      0    354      0    354     16
    355      3    355      0    355      0    355      0    355      0    355      0    355      0    355     14
    356      3    356      0    356      0    356      0    356      0    356      0    356      0    356     12
    357      1    357      0    357      0    357      0    357      0    357      0    357      0    357     14
    358      1    358      0    358      0    358      0    358      0    358      0    358      0    358      8
    359      5    359      0    359      0    359      0    359      0    359      0    359      0    359     21
    360      5    360      0    360      0    360      0    360      0    360      0    360      0    360     16
    361      2    361      0    361      0    361      0    361      0    361      0    361      0    361     17
    362      2    362      0    362      0    362      0    362      0    362      0    362      0    362     16
    363      1    363      0    363      0    363      0    363      0    363      0    363      0    363     19
    364      3    364      0    364      0    364      0    364      0    364      0    364      0    364     12
    365      4    365      0    365      0    365      0    365      1    365      0    365      0    365     19
    366      2    366      0    366      0    366      0    366      0    366      0    366      0    366     14
    367      7    367      0    367      0    367      0    367      0    367      0    367      0    367     13
    368      0    368      0    368      0    368      0    368      0    368      0    368      0    368      9
    369      1    369      0    369      0    369      0    369      0    369      0    369      0    369     16
    370      1    370      0    370      0    370      0    370      0    370      0    370      0    370     13
    371      2    371      0    371      0    371      0    371      0    371      0    371      0    371     16
    372      2    372      0    372      0    372      0    372      0    372      0    372      0    372     12
    373      1    373      0    373      0    373      0    373      0    373      0    373      0    373     11
    374      2    374      0    374      0    374      0    374      0    374      0    374      0    374      7
    375      4    375      0    375      0    375      0    375      0    375      0    375      0    375      8
    376      4    376      0    376      0    376      0    376      0    376      0    376      0    376     19
    377      1    377      0    377      0    377      0    377      0    377      0    377      0    377      6
    378      1    378      0    378      0    378      0    378      0    378      0    378      0    378      3
    379      0    379      0    379      0    379      0    379      0    379      0    379      0    379      0
    380      1    380      0    380      0    380      0    380      0    380      0    380      0    380      0
    381      2    381      0    381      0    381      0    381      0    381      0    381      0    381      0
    382      1    382      0    382      0    382      0    382      0    382      0    382      0    382      0
    383      6    383      0    383      0    383      0    383      0    383      0    383      0    383      0
    384      2    384      0    384      0    384      0    384      0    384      0    384      0    384      0
    385      2    385      0    385      0    385      0    385      0    385      0    385      0    385      0
    386      0    386      0    386      0    386      0    386      0    386      0    386      0    386      0
    387      4    387      0    387      0    387      0    387      0    387      0    387      0    387      0
    388      1    388      0    388      0    388      0    388      0    388      0    388      0    388      0
    389      1    389      0    389      0    389      0    389      0    389      0    389      0    389      0
    390      1    390      0    390      0    390      0    390      0    390      0    390      0    390      0
    391      2    391      0    391      0    391      0    391      0    391      0    391      0    391      0
    392      0    392      0    392      0    392      0    392      0    392      0    392      0    392      0
    393      1    393      0    393      0    393      0    393      0    393      0    393      0    393      0
    394      2    394      0    394      0    394      0    394      0    394      0    394      0    394      0
    395      0    395      0    395      0    395      0    395      0    395      0    395      0    395      0
    396      0    396      0    396      0    396      0    396      0    396      0    396      0    396      0
    397      1    397      0    397      0    397      0    397      0    397      0    397      0    397      0
    398      0    398      0    398      0    398      0    398      0    398      0    398      0    398      0
    399      2    399      0    399      0    399      0    399      0    399      0    399      0    399      0
    400      1    400      0    400      0    400      0    400      0    400      0    400      0    400      0
    401      1    401      0    401      0    401      0    401      0    401      0    401      0    401      0
    402      0    402      0    402      0    402      0    402      1    402      0    402      0    402      0
    403      0    403      0    403      0    403      0    403      0    403      0    403      0    403      0
    404      0    404      0    404      0    404      0    404      1    404      0    404      0    404      0
    405      0    405      0    405      0    405      0    405      0    405      0    405      0    405      0
    406      0    406      0    406      0    406      0    406      1    406      0    406      0    406      0
    407      0    407      0    407      0    407      0    407      0    407      0    407      0    407      0
    408      0    408      0    408      0    408      0    408      0    408      0    408      0    408      0
    409      0    409      0    409      0    409      0    409      0    409      0    409      0    409      0
    410      1    410      0    410      0    410      0    410      0    410      0    410      0    410      0
    411      0    411      0    411      0    411      0    411      0    411      0    411      0    411      0
    412      0    412      0    412      0    412      0    412      0    412      0    412      0    412      0
    413      2    413      0    413      0    413      0    413      0    413      0    413      0    413      0
    414      1    414      0    414      0    414      0    414      0    414      0    414      0    414      0
    415      0    415      0    415      0    415      0    415      0    415      0    415      0    415      0
    416      0    416      0    416      0    416      0    416      0    416      0    416      0    416      0
    417      0    417      0    417      0    417      0    417      1    417      0    417      0    417      0
    418      0    418      0    418      0    418      0    418      1    418      0    418      0    418      0
    419      0    419      0    419      0    419      0    419      0    419      0    419      0    419      0
    420      0    420      0    420      0    420      0    420      0    420      0    420      0    420      0
    421      0    421      0    421      0    421      0    421      0    421      0    421      0    421      0
    422      0    422      0    422      0    422      0    422      0    422      0    422      0    422      0
    423      0    423      0    423      0    423      0    423      0    423      0    423      0    423      0
    424      0    424      0    424      0    424      0    424      0    424      0    424      0    424      0
    425      1    425      0    425      0    425      0    425      0    425      0    425      0    425      0
    426      0    426      0    426      0    426      0    426      0    426      0    426      0    426      0
    427      0    427      0    427      0    427      0    427      0    427      0    427      0    427      0
    428      0    428      0    428      0    428      0    428      0    428      0    428      0    428      0
    429      0    429      0    429      0    429      0    429      0    429      0    429      0    429      0
    430      0    430      0    430      0    430      0    430      0    430      0    430      0    430      0
    431      0    431      0    431      0    431      0    431      0    431      0    431      0    431      0
    432      0    432      0    432      0    432      0    432      0    432      0    432      0    432      0
    433      0    433      0    433      0    433      0    433      0    433      0    433      0    433      0
    434      0    434      0    434      0    434      0    434      0    434      0    434      0    434      0
    435      0    435      0    435      0    435      0    435      0    435      0    435      0    435      0
    436      0    436      0    436      0    436      0    436      0    436      0    436      0    436      0
    437      0    437      0    437      0    437      0    437      1    437      0    437      0    437      0
    438      0    438      0    438      0    438      0    438      0    438      0    438      0    438      0
    439      0    439      0    439      0    439      0    439      0    439      0    439      0    439      0
    440      0    440      0    440      0    440      0    440      0    440      0    440      0    440      0
    441      0    441      0    441      0    441      0    441      0    441      0    441      0    441      0
    442      0    442      0    442      0    442      0    442      0    442      0    442      0    442      0
    443      0    443      0    443      0    443      0    443      0    443      0    443      0    443      0
    444      0    444      0    444      0    444      0    444      0    444      0    444      0    444      0
    445      0    445      0    445      0    445      0    445      0    445      0    445      0    445      0
    446      0    446      0    446      0    446      0    446      0    446      0    446      0    446      0
    447      0    447      0    447      0    447      0    447      0    447      0    447      0    447      0
    448      0    448      0    448      0    448      0    448      0    448      0    448      0    448      0
    449      0    449      0    449      0    449      0    449      0    449      0    449      0    449      0
    450      0    450      0    450      0    450      0    450      0    450      0    450      0    450      0
    451      0    451      0    451      0    451      0    451      0    451      0    451      0    451      0
    452      0    452      0    452      0    452      0    452      0    452      0    452      0    452      0
    453      0    453      0    453      0    453      0    453      1    453      0    453      0    453      0
    454      0    454      0    454      0    454      0    454      0    454      0    454      0    454      0
    455      0    455      0    455      0    455      0    455      0    455      0    455      0    455      0
    456      0    456      0    456      0    456      0    456      0    456      0    456      0    456      0
    457      0    457      0    457      0    457      0    457      0    457      0    457      0    457      0
    458      0    458      0    458      0    458      0    458      0    458      0    458      0    458      0
    459      0    459      0    459      0    459      0    459      0    459      0    459      0    459      0
    460      0    460      0    460      0    460      0    460      0    460      0    460      0    460      0
    461      0    461      0    461      0    461      0    461      0    461      0    461      0    461      0
    462      0    462      0    462      0    462      0    462      1    462      0    462      0    462      0
    463      0    463      0    463      0    463      0    463      0    463      0    463      0    463      0
    464      0    464      0    464      0    464      0    464      0    464      0    464      0    464      0
    465      0    465      0    465      0    465      0    465      0    465      0    465      0    465      0
    466      0    466      0    466      0    466      0    466      0    466      0    466      0    466      0
    467      0    467      0    467      0    467      0    467      0    467      0    467      0    467      0
    468      0    468      0    468      0    468      0    468      0    468      0    468      0    468      0
    469      0    469      0    469      0    469      0    469      0    469      0    469      0    469      0
    470      0    470      0    470      0    470      0    470      0    470      0    470      0    470      0
    471      0    471      0    471      0    471      0    471      0    471      0    471      0    471      0
    472      0    472      0    472      0    472      0    472      0    472      0    472      0    472      0
    473      0    473      0    473      0    473      0    473      0    473      0    473      0    473      0
    474      0    474      0    474      0    474      0    474      0    474      0    474      0    474      0
    475      0    475      0    475      0    475      0    475      0    475      0    475      0    475      0
    476      0    476      0    476      0    476      0    476      0    476      0    476      0    476      0
    477      0    477      0    477      0    477      0    477      0    477      0    477      0    477      0
    478      0    478      0    478      0    478      0    478      0    478      0    478      0    478      0
    479      0    479      0    479      0    479      0    479      0    479      0    479      0    479      0
    480      0    480      0    480      0    480      0    480      0    480      0    480      0    480      0
    481      0    481      0    481      0    481      0    481      0    481      0    481      0    481      0
    482      0    482      0    482      0    482      0    482      0    482      0    482      0    482      0
    483      0    483      0    483      0    483      0    483      0    483      0    483      0    483      0
    484      0    484      0    484      0    484      0    484      0    484      0    484      0    484      0
    485      0    485      0    485      0    485      0    485      0    485      0    485      0    485      0
    486      0    486      0    486      0    486      0    486      0    486      0    486      0    486      0
    487      0    487      0    487      0    487      0    487      0    487      0    487      0    487      0
    488      0    488      0    488      0    488      0    488      0    488      0    488      0    488      0
    489      0    489      0    489      0    489      0    489      1    489      0    489      0    489      0
    490      0    490      0    490      0    490      0    490      0    490      0    490      0    490      0
    491      0    491      0    491      0    491      0    491      0    491      0    491      0    491      0
    492      0    492      0    492      0    492      0    492      0    492      0    492      0    492      0
    493      0    493      0    493      0    493      0    493      0    493      0    493      0    493      0
    494      0    494      0    494      0    494      0    494      0    494      0    494      0    494      0
    495      0    495      0    495      0    495      0    495      0    495      0    495      0    495      0
    496      0    496      0    496      0    496      0    496      0    496      0    496      0    496      0
    497      0    497      0    497      0    497      0    497      0    497      0    497      0    497      0
    498      0    498      0    498      0    498      0    498      0    498      0    498      0    498      0
    499      0    499      0    499      0    499      0    499      0    499      0    499      0    499      0
    500      0    500      0    500      0    500      0    500      0    500      0    500      0    500      0
    501      0    501      0    501      0    501      0    501      0    501      0    501      0    501      0
    502      0    502      0    502      0    502      0    502      0    502      0    502      0    502      0
    503      0    503      0    503      0    503      0    503      0    503      0    503      0    503      0
    504      0    504      0    504      0    504      0    504      0    504      0    504      0    504      0
    505      0    505      0    505      0    505      0    505      1    505      0    505      0    505      0
    506      0    506      0    506      0    506      0    506      0    506      0    506      0    506      0
    507      0    507      0    507      0    507      0    507      0    507      0    507      0    507      0
    508      0    508      0    508      0    508      0    508      0    508      0    508      0    508      0
    509      0    509      0    509      0    509      0    509      0    509      0    509      0    509      0
    510      0    510      0    510      0    510      0    510      1    510      0    510      0    510      0
    511      0    511      0    511      0    511      0    511      1    511      0    511      0    511      0
    512      0    512      0    512      0    512      0    512      0    512      0    512      0    512      0
