     0      0      0      0      0      0      0      0      0
    50      2      0      0      0      0      0      0      0
   100      1      0      0      0      0      0      0      1
   150      1      0      0      0      0      0      0      2
   200      2      0      0      0      0      0      0      2
   250     17      0      0      0      0      0      0      2
   300     21      0      0      0      0      0      0      4
   350     54      0      0      0      0      0      0     30
   400     84      0      0      0      0      0      0     88
   450    170      0      0      0      0      0      0    172
   500    107      0      0      0      0      0      0     72
   550    104      1      0      0      0      0      0    190
   600    169      1      0      0      0      0      0    136
   650     98      1      0      0      0      0      0     64
   700     64      0      0      0      0      0      0     47
   750     76      0      0      0      0      0      0     46
   800     63      1      0      0      0      0      0     38
   850    207      1      0      0      0      0      0     76
   900    393      1      0      0      0      0      0    392
   950    521      6      0      0      0      0      0    367
  1000    477      8      0      0      0      0      0    267
  1050    301      4      0      0      0      0      0    292
  1100    249      3      0      0      0      0      0    207
  1150    137      0      0      0      0      0      0     90
  1200     66      0      0      0      0      0      0     41
  1250     34      0      0      0      0      0      0     13
  1300     16      0      0      0      0      0      0      7
  1350      9      0      0      0      0      0      0      5
  1400      9      0      0      0      0      0      0      1
  1450      0      0      0      0      0      0      0      2
  1500      3      0      0      0      0      0      0      1
  1550      1      0      0      0      0      0      0      0
  1600      0      0      0      0      0      0      0      0
  1650      1      0      0      0      0      0      0      1
  1700      1      0      0      0      0      0      0      0
  1750      0      0      0      0      0      0      0      2
  1800      2      0      0      0      0      0      0      0
  1850      0      0      0      0      0      0      0      0
  1900      1      0      0      0      0      0      0      0
  1950      0      0      0      0      0      0      0      1
  2000      1      0      0      0      0      0      0      1
  2050      0      0      0      0      0      0      0      1
  2100      0      0      0      0      0      0      0      2
  2150      1      0      0      0      0      0      0      1
  2200      2      0      0      0      0      0      0      4
  2250      2      0      0      0      0      0      0      0
  2300      0      0      0      0      0      0      0      1
  2350      0      0      0      0      0      0      0      1
  2400      1      0      0      0      0      0      0      1
  2450      1      0      0      0      0      0      0      0
  2500      1      0      0      0      0      0      0      0
  2550      1      0      0      0      0      0      0      0
  2600      0      0      0      0      0      0      0      1
  2650      2      0      0      0      0      0      0      0
  2700     51      1      0      0      0      0      0    275
  2750     99     27      1      0      0      0      0    758
  2800     96     14      0      0      0      0      0    718
  2850     83     11      0      0      0      0      0    682
  2900     67     10      0      0      0      0      0    436
  2950      2      0      2      0      0      0      0      5
  3000      1      0      0      0      0      0      0      3
  3050      0      0      0      0      0      0      0      0
  3100      0      0      0      0      0      0      0      0
  3150      0      0      0      0      0      0      0      0
  3200      1      0      0      0      0      0      0      0
  3250      2      0      0      0      0      0      0      1
  3300      2      0      0      0      0      0      0      0
  3350      2      0      0      0      0      0      0      1
  3400      1      0      0      0      0      0      0      0
  3450      0      0      0      0      0      0      0      0
  3500      0      0      0      0      0      0      0      0
  3550      0      0      0      0      0      0      0      1
  3600      0      0      0      0      0      0      0      1
  3650      0      0      0      0      0      0      0      2
  3700     38      6      0      0      0      0      0    278
  3750    100     11      1      0      0      0      0    716
  3800    104     11      1      0      0      0      0    734
  3850    106     11      1      0      0      0      0    649
  3900     54      8      1      0      0      0      0    430
  3950      2      1      0      0      0      0      0      7
  4000      1      0      0      0      0      0      0      1
  4050      0      0      0      0      0      0      0      1
  4100      1      0      0      0      0      0      0      1
  4150      0      0      0      0      0      0      0      0
  4200      0      0      0      0      0      0      0      1
  4250      1      0      0      0      0      0      0      1
  4300      2      0      0      0      0      0      0      0
  4350      1      0      0      0      0      0      0      1
  4400      1      0      0      0      0      0      0      1
  4450      0      0      0      0      0      0      0      1
  4500      0      0      0      0      0      0      0      0
  4550      0      0      0      0      0      0      0      1
  4600      1      0      0      0      0      0      0      1
  4650      0      0      0      0      0      0      0      1
  4700     35      4      1      0      0      0      0    247
  4750     98     10      2      0      0      0      0    754
  4800    109      8      0      0      0      0      0    634
  4850    100     13      1      0      2      0      0    670
  4900     66      4      1      0      0      0      0    394
  4950      2      0      1      0      0      0      0      4
  5000      0      1      0      0      0      0      0      0
  5050      3      0      0      0      0      0      0      0
  5100      1      1      0      0      0      0      0      0
  5150      0      0      0      0      0      0      0      0
  5200      0      0      0      0      0      0      0      1
  5250      0      0      0      0      0      0      0      1
  5300      0      0      0      0      0      0      0      1
  5350      0      0      0      0      0      0      0      1
  5400      0      0      0      0      0      0      0      2
  5450      0      0      0      0      0      0      0      0
  5500      2      0      0      0      0      0      0      1
  5550      0      0      0      0      0      0      0      0
  5600      0      0      0      0      0      0      0      0
  5650      2      0      0      0      0      0      0      2
  5700     34      0      0      0      0      0      0    258
  5750     87     20      2      0      0      0      0    763
  5800     95      8      2      0      0      0      0    679
  5850     71      8      2      0      0      0      0    618
  5900     56     10      3      0      0      0      0    386
  5950      4      0      0      0      0      0      0      5
  6000     47      3      0      0      0      0      0    361
  6050    147     25      2      0      0      0      0   1098
  6100    146     17      3      0      0      0      0   1205
  6150    183     24      2      0      0      0      0   1212
  6200    167     13      4      0      0      0      0   1155
  6250    152     15      2      0      1      0      0   1065
  6300    143     22      4      0      0      0      0    975
  6350    127     18      5      0      0      0      0    958
  6400    152     17      1      0      0      0      0    953
  6450    119     15      5      0      1      0      0   1012
  6500    215     21      3      0      0      0      0   1321
  6550    346     29      8      0      0      0      0   2303
  6600    345     43     12      1      1      0      0   2483
  6650    344     52      9      0      0      0      0   2558
  6700    387     49     11      0      1      0      0   2949
  6750    485     70     11      1      0      0      0   3468
  6800    498     66     18      0      1      0      0   3523
  6850    471     63     15      0      3      0      0   3552
  6900    452     62      8      0      2      0      0   3109
  6950    347     39      7      0      0      0      0   2313
  7000    301     32      5      0      0      0      0   2243
  7050    351     49      5      0      1      0      0   2366
  7100    313     35     10      0      0      0      0   2480
  7150    368     53      8      0      1      0      0   2395
  7200    395     52     15      0      0      0      0   2486
  7250    345     52      5      0      0      0      0   2382
  7300    326     38      4      0      0      0      0   2332
  7350    299     45      8      0      0      0      0   2192
  7400    332     38      7      0      1      0      0   2148
  7450    299     46     10      0      2      0      0   2183
  7500    289     49      9      0      0      1      0   2186
  7550    314     36      6      0      0      0      0   2241
  7600    310     24      5      0      0      0      0   2235
  7650    329     41      4      0      0      0      0   2297
  7700    352     63     12      1      2      0      0   2498
  7750    428     50     11      1      0      0      0   3174
  7800    450     60     10      0      0      0      0   3154
  7850    445     67     14      0      0      0      0   3261
  7900    440     62     10      0      1      0      0   2950
  7950    288     34      4      0      0      0      0   2169
  8000    241     41      7      0      0      0      0   1706
  8050    145     27     11      0      2      0      0   1041
  8100    165     17      2      0      0      0      0   1028
  8150    150     22      2      0      0      0      0   1060
  8200    153     18      2      0      0      0      0   1106
  8250     93     13      1      0      0      0      0    410
  8300      2      3      0      0      0      0      0      0
  8350      3      0      0      0      0      0      0      0
  8400      1      0      0      0      0      0      0      0
  8450      0      0      0      0      0      0      0      0
  8500      3      0      0      0      0      0      0      0
  8550      0      0      0      0      0      0      0      0
  8600      1      0      0      0      0      0      0      0
  8650      0      0      0      0      0      0      0      0
  8700      0      0      0      0      0      0      0      0
  8750      2      0      0      0      0      0      0      0
  8800      0      0      0      0      0      0      0      0
  8850      2      0      0      0      0      0      0      0
  8900      0      0      0      0      0      0      0      0
  8950      1      0      0      0      0      0      0      0
  9000      0      0      0      0      0      0      0      0
  9050      0      0      0      0      0      0      0      0
  9100      2      0      0      0      0      0      0      0
  9150      3      0      0      0      0      0      0      0
  9200      1      0      0      0      0      0      0      0
  9250      0      0      0      0      0      0      0      0
  9300      0      0      0      0      0      0      0      0
  9350      0      0      0      0      0      0      0      0
  9400      0      0      0      0      0      0      0      0
  9450      0      0      0      0      0      0      0      0
  9500      0      0      0      0      0      0      0      0
  9550      0      0      0      0      0      0      0      0
  9600      0      0      0      0      0      0      0      0
  9650      0      0      0      0      0      0      0      0
  9700      0      0      0      0      0      0      0      0
  9750      0      0      0      0      0      0      0      0
  9800      0      0      0      0      0      0      0      0
  9850      0      0      0      0      0      0      0      0
  9900      0      0      0      0      0      0      0      0
  9950      0      0      0      0      0      0      0      0
 10000      0      0      0      0      0      0      0      0
 10050      0      0      0      0      0      0      0      0
 10100      0      0      0      0      0      0      0      0
 10150      0      0      0      0      0      0      0      0
 10200      0      0      0      0      0      0      0      0
 10250      0      0      0      0      0      0      0      0
 10300      0      0      0      0      0      0      0      0
 10350      0      0      0      0      0      0      0      0
 10400      0      0      0      0      0      0      0      0
 10450      0      0      0      0      0      0      0      0
 10500      0      0      0      0      0      0      0      0
 10550      0      0      0      0      0      0      0      0
 10600      0      0      0      0      0      0      0      0
 10650      0      0      0      0      0      0      0      0
 10700      0      0      0      0      0      0      0      0
 10750      0      0      0      0      0      0      0      0
 10800      0      0      0      0      0      0      0      0
 10850      0      0      0      0      0      0      0      0
 10900      0      0      0      0      0      0      0      0
 10950      0      0      0      0      0      0      0      0
 11000      0      0      0      0      0      0      0      0
 11050      0      0      0      0      0      0      0      0
 11100      0      0      0      0      0      0      0      0
 11150      0      0      0      0      0      0      0      0
 11200      0      0      0      0      0      0      0      0
 11250      0      0      0      0      0      0      0      0
 11300      0      0      0      0      0      0      0      0
 11350      0      0      0      0      0      0      0      0
 11400      0      0      0      0      0      0      0      0
 11450      0      0      0      0      0      0      0      0
 11500      0      0      0      0      0      0      0      0
 11550      0      0      0      0      0      0      0      0
 11600      0      0      0      0      0      0      0      0
 11650      0      0      0      0      0      0      0      0
 11700      0      0      0      0      0      0      0      0
 11750      0      0      0      0      0      0      0      0
 11800      0      0      0      0      0      0      0      0
 11850      0      0      0      0      0      0      0      0
 11900      0      0      0      0      0      0      0      0
 11950      0      0      0      0      0      0      0      0
 12000      0      0      0      0      0      0      0      0
