      1      0      1      0      1      0      1      0      1      0      1      0      1      0      1      0
      2      0      2      0      2      0      2      0      2      0      2      0      2      0      2      0
      3      0      3      0      3      0      3      0      3      0      3      0      3      0      3      0
      4      0      4      0      4      0      4      0      4      0      4      0      4      0      4      0
      5      0      5      0      5      0      5      0      5      0      5      0      5      0      5      0
      6      0      6      2      6      0      6      0      6      0      6      0      6      0      6      0
      7      0      7      2      7      0      7      0      7      0      7      0      7      0      7      0
      8      0      8      3      8      0      8      0      8      0      8      0      8      0      8      0
      9      0      9      4      9      0      9      0      9      0      9      0      9      0      9      0
     10      0     10      3     10      0     10      0     10      0     10      0     10      0     10      0
     11      0     11      7     11      0     11      0     11      0     11      0     11      0     11      0
     12      0     12     12     12      0     12      0     12      0     12      0     12      0     12      0
     13      0     13      7     13      0     13      0     13      0     13      0     13      0     13      0
     14      0     14      8     14      0     14      0     14      0     14      0     14      0     14      0
     15      0     15     12     15      0     15      0     15      0     15      0     15      0     15      0
     16      0     16     17     16    183     16      0     16      0     16      0     16      0     16      0
     17      0     17     16     17    105     17      0     17      0     17      0     17      0     17      3
     18      0     18     19     18     63     18      0     18      0     18      0     18      0     18      1
     19      0     19     24     19     55     19      0     19      0     19      0     19      0     19      2
     20      0     20     16     20     26     20      0     20      0     20      0     20      0     20     11
     21      0     21     27     21     25     21      0     21      0     21      0     21      0     21     10
     22      0     22     48     22     18     22      0     22      0     22      0     22      0     22      9
     23      0     23     28     23     16     23      0     23      0     23      0     23      0     23     14
     24      0     24     34     24     16     24      0     24      0     24      0     24      0     24     11
     25      0     25     39     25     10     25      0     25      0     25      0     25      0     25     40
     26      0     26     33     26      5     26      0     26      0     26      0     26      0     26     61
     27      0     27     49     27      7     27      0     27      0     27      0     27      0     27    104
     28      0     28     50     28      4     28      0     28      0     28      0     28      0     28    157
     29      0     29     44     29      0     29      0     29      0     29      0     29      0     29    295
     30      0     30     55     30      5     30      0     30      0     30      0     30      0     30    390
     31      0     31     48     31      0     31      0     31      0     31      0     31      0     31    576
     32      0     32     57     32      2     32      0     32      0     32      0     32      0     32    796
     33      0     33     70     33      1     33      0     33      0     33      0     33      0     33   1113
     34      0     34     70     34      2     34      0     34      0     34      0     34      0     34   1330
     35      0     35     80     35      1     35      0     35      0     35      0     35      0     35   1487
     36      0     36     74     36      1     36      0     36      0     36      0     36      0     36   1777
     37      0     37     72     37      0     37      0     37      0     37      0     37      0     37   1890
     38      0     38     77     38      0     38      0     38      0     38      0     38      0     38   1951
     39      0     39     74     39      0     39      0     39      0     39      0     39      0     39   2040
     40      0     40     95     40      1     40      0     40      0     40      0     40      0     40   2003
     41      0     41     80     41      0     41      0     41      0     41      0     41      0     41   2044
     42      0     42     68     42      0     42      0     42      0     42      0     42      0     42   1991
     43      0     43     52     43      0     43      0     43      0     43      0     43      0     43   1948
     44      1     44     42     44      0     44      0     44      0     44      0     44      0     44   1948
     45      0     45     36     45      0     45      0     45      0     45      0     45      0     45   1850
     46      0     46     26     46      0     46      0     46      0     46      0     46      0     46   1928
     47      0     47     27     47      0     47      0     47      0     47      0     47      0     47   1836
     48      0     48     22     48      0     48      0     48      0     48      0     48      0     48   1803
     49      0     49     20     49      0     49      0     49      0     49      0     49      0     49   1742
     50      9     50     17     50      0     50      0     50      0     50      0     50      0     50   1771
     51     18     51     15     51      0     51      0     51      0     51      0     51      0     51   1737
     52     25     52     15     52      0     52      0     52      0     52      0     52      0     52   1666
     53     36     53     13     53      0     53      0     53      0     53      0     53      0     53   1686
     54     45     54      8     54      0     54      1     54      0     54      0     54      0     54   1612
     55     47     55     14     55      0     55      0     55      0     55      0     55      0     55   1568
     56     44     56     11     56      0     56      0     56      0     56      0     56      0     56   1605
     57     75     57      5     57      0     57      0     57      0     57      0     57      0     57   1590
     58     76     58     11     58      0     58      0     58      0     58      0     58      0     58   1555
     59     82     59      7     59      0     59      1     59      0     59      0     59      0     59   1568
     60     91     60     11     60      0     60      0     60      0     60      0     60      0     60   1604
     61    103     61      8     61      0     61      1     61      0     61      0     61      0     61   1545
     62     90     62     13     62      0     62      1     62      0     62      0     62      0     62   1549
     63     99     63      6     63      0     63      0     63      0     63      0     63      0     63   1588
     64     86     64      6     64      0     64      0     64      0     64      0     64      0     64   1589
     65    103     65      5     65      0     65      0     65      0     65      0     65      0     65   1530
     66     95     66      9     66      0     66      0     66      0     66      0     66      0     66   1566
     67     94     67      9     67      0     67      0     67      0     67      0     67      0     67   1518
     68    109     68      5     68      0     68      2     68      0     68      0     68      0     68   1518
     69    112     69     15     69      0     69      1     69      0     69      0     69      0     69   1466
     70    101     70     14     70      0     70      1     70      0     70      0     70      0     70   1537
     71    114     71      5     71      0     71      0     71      0     71      0     71      0     71   1468
     72     99     72      9     72      0     72      0     72      0     72      0     72      0     72   1415
     73     97     73      6     73      0     73      0     73      0     73      0     73      0     73   1528
     74     75     74      4     74      0     74      0     74      0     74      0     74      0     74   1480
     75     81     75     10     75      0     75      0     75      0     75      0     75      0     75   1466
     76     77     76      2     76      0     76      0     76      0     76      0     76      0     76   1535
     77     91     77      8     77      0     77      0     77      0     77      0     77      0     77   1515
     78     73     78      6     78      0     78      0     78      0     78      0     78      0     78   1451
     79     77     79      3     79      0     79      0     79      0     79      0     79      0     79   1555
     80     76     80      3     80      0     80      0     80      0     80      0     80      0     80   1461
     81     74     81      5     81      0     81      0     81      0     81      0     81      0     81   1522
     82     77     82      6     82      0     82      0     82      0     82      0     82      0     82   1444
     83     93     83      6     83      0     83      0     83      0     83      0     83      0     83   1575
     84     70     84      4     84      0     84      0     84      0     84      0     84      0     84   1511
     85     86     85      5     85      0     85      0     85      0     85      0     85      0     85   1479
     86     83     86      5     86      0     86      0     86      0     86      0     86      0     86   1499
     87     76     87      2     87      0     87      0     87      0     87      0     87      0     87   1530
     88     74     88      6     88      0     88      0     88      0     88      0     88      0     88   1451
     89     90     89     10     89      0     89      0     89      0     89      0     89      0     89   1525
     90     63     90      3     90      0     90      0     90      0     90      0     90      0     90   1555
     91     62     91      3     91      0     91      0     91      0     91      0     91      0     91   1479
     92     77     92      7     92      0     92      0     92      0     92      0     92      0     92   1478
     93     61     93      4     93      0     93      0     93      0     93      0     93      0     93   1483
     94     59     94     11     94      0     94      0     94      0     94      0     94      0     94   1448
     95     80     95     13     95      0     95      0     95      0     95      0     95      0     95   1443
     96     66     96     13     96      0     96      0     96      0     96      0     96      0     96   1443
     97     81     97     14     97      0     97      1     97      0     97      0     97      0     97   1479
     98     60     98     17     98      0     98      0     98      0     98      0     98      0     98   1440
     99     81     99     17     99      0     99      0     99      0     99      0     99      0     99   1394
    100     73    100     17    100      0    100      0    100      0    100      1    100      0    100   1365
    101     70    101     15    101      0    101      0    101      0    101      0    101      0    101   1417
    102     72    102     26    102      0    102      0    102      0    102      0    102      0    102   1380
    103     78    103     22    103      0    103      0    103      0    103      0    103      0    103   1361
    104     83    104     20    104      0    104      0    104      0    104      0    104      0    104   1362
    105     70    105     24    105      0    105      0    105      0    105      0    105      0    105   1327
    106     64    106     25    106      0    106      0    106      0    106      0    106      0    106   1333
    107     55    107     25    107      0    107      0    107      0    107      0    107      0    107   1263
    108     65    108     17    108      0    108      0    108      0    108      0    108      0    108   1319
    109     63    109     22    109      0    109      0    109      0    109      0    109      0    109   1262
    110     62    110     14    110      0    110      0    110      0    110      0    110      0    110   1254
    111     53    111     14    111      0    111      0    111      0    111      0    111      0    111   1282
    112     48    112     12    112      0    112      0    112      0    112      0    112      0    112   1192
    113     41    113     16    113      0    113      0    113      0    113      0    113      0    113   1175
    114     39    114     14    114      0    114      0    114      0    114      0    114      0    114   1170
    115     41    115     12    115      0    115      0    115      0    115      0    115      0    115   1037
    116     52    116      9    116      0    116      0    116      0    116      0    116      0    116   1128
    117     33    117      5    117      0    117      0    117      0    117      0    117      0    117   1126
    118     38    118      7    118      0    118      0    118      0    118      0    118      0    118   1080
    119     38    119      6    119      0    119      0    119      0    119      0    119      0    119   1110
    120     47    120      3    120      0    120      0    120      0    120      0    120      0    120   1079
    121     32    121      3    121      0    121      0    121      0    121      0    121      0    121   1067
    122     41    122      3    122      0    122      0    122      0    122      0    122      0    122   1041
    123     49    123      2    123      0    123      0    123      0    123      0    123      0    123    948
    124     28    124      1    124      0    124      0    124      0    124      0    124      0    124   1028
    125     40    125      2    125      0    125      0    125      0    125      0    125      0    125   1077
    126     37    126      1    126      0    126      0    126      0    126      0    126      0    126   1035
    127     37    127      1    127      0    127      0    127      0    127      0    127      0    127    911
    128     38    128      1    128      0    128      0    128      0    128      0    128      0    128   1014
    129     46    129      2    129      0    129      0    129      0    129      0    129      0    129    990
    130     55    130      2    130      0    130      0    130      0    130      0    130      0    130    954
    131     34    131      0    131      0    131      0    131      0    131      0    131      0    131    952
    132     40    132      0    132      0    132      0    132      0    132      0    132      0    132    888
    133     32    133      0    133      0    133      0    133      0    133      0    133      0    133    923
    134     27    134      0    134      0    134      0    134      0    134      0    134      0    134    910
    135     34    135      0    135      0    135      0    135      0    135      0    135      0    135    865
    136     42    136      0    136      0    136      0    136      0    136      0    136      0    136    869
    137     34    137      0    137      0    137      0    137      0    137      0    137      0    137    844
    138     31    138      0    138      0    138      0    138      0    138      0    138      0    138    825
    139     24    139      0    139      0    139      0    139      0    139      0    139      0    139    857
    140     37    140      1    140      0    140      0    140      0    140      0    140      0    140    793
    141     31    141      0    141      0    141      0    141      0    141      0    141      0    141    839
    142     39    142      0    142      0    142      0    142      0    142      0    142      0    142    748
    143     31    143      1    143      0    143      0    143      0    143      0    143      0    143    741
    144     33    144      0    144      0    144      0    144      0    144      0    144      0    144    761
    145     29    145      0    145      0    145      0    145      0    145      0    145      0    145    712
    146     39    146      0    146      0    146      0    146      0    146      0    146      0    146    740
    147     33    147      0    147      0    147      0    147      0    147      0    147      0    147    679
    148     30    148      0    148      0    148      0    148      0    148      0    148      0    148    708
    149     38    149      0    149      0    149      0    149      0    149      0    149      0    149    622
    150     40    150      0    150      0    150      0    150      0    150      0    150      0    150    583
    151     21    151      0    151      0    151      0    151      0    151      0    151      0    151    603
    152     25    152      0    152      0    152      0    152      0    152      0    152      0    152    581
    153     33    153      0    153      0    153      0    153      0    153      0    153      0    153    512
    154     27    154      0    154      0    154      0    154      0    154      0    154      0    154    492
    155     37    155      0    155      0    155      0    155      0    155      0    155      0    155    458
    156     34    156      0    156      0    156      0    156      0    156      0    156      0    156    496
    157     28    157      0    157      0    157      0    157      0    157      0    157      0    157    415
    158     31    158      0    158      0    158      0    158      0    158      0    158      0    158    379
    159     24    159      0    159      0    159      0    159      0    159      0    159      0    159    400
    160     28    160      0    160      0    160      0    160      0    160      0    160      0    160    321
    161     35    161      0    161      0    161      0    161      0    161      0    161      0    161    380
    162     28    162      0    162      0    162      0    162      0    162      0    162      0    162    340
    163     19    163      0    163      0    163      0    163      0    163      0    163      0    163    325
    164     28    164      0    164      0    164      0    164      0    164      0    164      0    164    293
    165     20    165      0    165      0    165      0    165      0    165      0    165      0    165    275
    166     22    166      0    166      0    166      0    166      0    166      0    166      0    166    225
    167     23    167      0    167      0    167      0    167      0    167      0    167      0    167    229
    168     33    168      0    168      0    168      0    168      0    168      0    168      0    168    213
    169     30    169      0    169      0    169      0    169      0    169      0    169      0    169    193
    170     19    170      0    170      0    170      0    170      0    170      0    170      0    170    206
    171     19    171      0    171      0    171      0    171      0    171      0    171      0    171    190
    172     18    172      0    172      0    172      0    172      0    172      0    172      0    172    174
    173     25    173      0    173      0    173      0    173      0    173      0    173      0    173    124
    174     25    174      0    174      0    174      0    174      0    174      0    174      0    174    122
    175     22    175      0    175      0    175      0    175      0    175      0    175      0    175    115
    176     20    176      0    176      0    176      0    176      1    176      0    176      0    176    119
    177     26    177      0    177      0    177      0    177      0    177      0    177      0    177    112
    178     18    178      0    178      0    178      0    178      0    178      0    178      0    178     84
    179     20    179      0    179      0    179      0    179      0    179      0    179      0    179     86
    180     22    180      0    180      0    180      0    180      0    180      0    180      0    180     69
    181     27    181      0    181      0    181      0    181      0    181      0    181      0    181     50
    182     24    182      0    182      0    182      0    182      0    182      0    182      0    182     63
    183     17    183      0    183      0    183      0    183      0    183      0    183      0    183     45
    184     38    184      0    184      0    184      0    184      0    184      0    184      0    184     46
    185     21    185      0    185      0    185      0    185      0    185      0    185      0    185     41
    186     21    186      0    186      0    186      0    186      0    186      0    186      0    186     33
    187     19    187      0    187      0    187      0    187      0    187      0    187      0    187     20
    188     18    188      0    188      0    188      0    188      0    188      0    188      0    188     19
    189     22    189      0    189      0    189      0    189      0    189      0    189      0    189     20
    190     24    190      0    190      0    190      0    190      0    190      0    190      0    190     14
    191     20    191      0    191      0    191      0    191      0    191      0    191      0    191     12
    192     23    192      0    192      0    192      0    192      0    192      0    192      0    192     13
    193     28    193      0    193      0    193      0    193      0    193      0    193      0    193      6
    194     21    194      0    194      0    194      0    194      0    194      0    194      0    194      3
    195     19    195      0    195      0    195      0    195      0    195      0    195      0    195     10
    196     16    196      0    196      0    196      0    196      0    196      0    196      0    196      7
    197     20    197      0    197      0    197      0    197      0    197      0    197      0    197      4
    198     16    198      0    198      0    198      0    198      0    198      0    198      0    198      5
    199     20    199      0    199      0    199      0    199      0    199      0    199      0    199      5
    200     18    200      0    200      0    200      0    200      0    200      0    200      0    200      2
    201     20    201      0    201      0    201      0    201      0    201      0    201      0    201      2
    202     23    202      0    202      0    202      0    202      0    202      0    202      0    202      5
    203     16    203      0    203      0    203      0    203      0    203      0    203      0    203      3
    204     18    204      0    204      0    204      0    204      0    204      0    204      0    204      3
    205     27    205      0    205      0    205      0    205      0    205      0    205      0    205      1
    206     19    206      0    206      0    206      0    206      0    206      0    206      0    206      3
    207     18    207      0    207      0    207      0    207      0    207      0    207      0    207      0
    208     20    208      0    208      0    208      0    208      0    208      0    208      0    208      2
    209     28    209      0    209      0    209      0    209      0    209      0    209      0    209      2
    210     20    210      0    210      0    210      0    210      0    210      0    210      0    210      1
    211     12    211      0    211      0    211      0    211      0    211      0    211      0    211      1
    212     22    212      0    212      0    212      0    212      0    212      0    212      0    212      2
    213     22    213      0    213      0    213      0    213      0    213      0    213      0    213      2
    214     24    214      0    214      0    214      0    214      0    214      0    214      0    214      3
    215     18    215      0    215      0    215      0    215      0    215      0    215      0    215      1
    216     21    216      0    216      0    216      0    216      0    216      0    216      0    216      1
    217     24    217      0    217      0    217      0    217      0    217      0    217      0    217      1
    218     32    218      0    218      0    218      0    218      0    218      0    218      0    218      2
    219     18    219      0    219      0    219      0    219      0    219      0    219      0    219      1
    220     26    220      0    220      0    220      0    220      0    220      0    220      0    220      0
    221     17    221      0    221      0    221      0    221      0    221      0    221      0    221      1
    222     20    222      0    222      0    222      0    222      0    222      0    222      0    222      2
    223     29    223      0    223      0    223      0    223      0    223      0    223      0    223      0
    224     21    224      0    224      0    224      0    224      0    224      0    224      0    224      1
    225      8    225      0    225      0    225      0    225      0    225      0    225      0    225      1
    226     13    226      0    226      0    226      0    226      0    226      0    226      0    226      0
    227     22    227      0    227      0    227      0    227      0    227      0    227      0    227      1
    228     14    228      0    228      0    228      0    228      0    228      0    228      0    228      2
    229     19    229      0    229      0    229      0    229      0    229      0    229      0    229      0
    230     20    230      0    230      0    230      0    230      0    230      0    230      0    230      1
    231     19    231      0    231      0    231      0    231      0    231      0    231      0    231      3
    232     19    232      0    232      0    232      0    232      0    232      0    232      0    232      0
    233     17    233      0    233      0    233      0    233      0    233      0    233      0    233      3
    234     18    234      0    234      0    234      0    234      0    234      0    234      0    234      1
    235      9    235      0    235      0    235      0    235      0    235      0    235      0    235      0
    236     15    236      0    236      0    236      0    236      0    236      0    236      0    236      3
    237     17    237      0    237      0    237      0    237      0    237      0    237      0    237      1
    238     16    238      0    238      0    238      0    238      0    238      0    238      0    238      0
    239     12    239      0    239      0    239      0    239      0    239      0    239      0    239      0
    240     14    240      0    240      0    240      0    240      0    240      0    240      0    240      1
    241     15    241      0    241      0    241      0    241      0    241      0    241      0    241      2
    242     28    242      0    242      0    242      0    242      0    242      0    242      0    242      0
    243     15    243      0    243      0    243      0    243      0    243      0    243      0    243      1
    244     19    244      0    244      0    244      0    244      0    244      0    244      0    244      1
    245     19    245      0    245      0    245      0    245      0    245      0    245      0    245      2
    246     13    246      0    246      0    246      0    246      0    246      0    246      0    246      0
    247     22    247      0    247      0    247      0    247      0    247      0    247      0    247      0
    248     14    248      0    248      0    248      0    248      0    248      0    248      0    248      2
    249     15    249      0    249      0    249      0    249      0    249      0    249      0    249      0
    250     15    250      0    250      0    250      0    250      0    250      0    250      0    250      0
    251     14    251      0    251      0    251      0    251      0    251      0    251      0    251      1
    252     22    252      0    252      0    252      0    252      0    252      0    252      0    252      0
    253     16    253      0    253      0    253      0    253      0    253      0    253      0    253      0
    254     16    254      0    254      0    254      0    254      1    254      0    254      0    254      1
    255     13    255      0    255      0    255      0    255      0    255      0    255      0    255      0
    256     14    256      0    256      0    256      0    256      0    256      0    256      0    256      0
    257     11    257      0    257      0    257      0    257      0    257      0    257      0    257      1
    258     17    258      0    258      0    258      0    258      0    258      0    258      0    258      0
    259     21    259      0    259      0    259      0    259      0    259      0    259      0    259      0
    260     16    260      0    260      0    260      0    260      0    260      0    260      0    260      4
    261     19    261      0    261      0    261      0    261      0    261      0    261      0    261      0
    262     18    262      0    262      0    262      0    262      0    262      0    262      0    262      1
    263     12    263      0    263      0    263      0    263      0    263      0    263      0    263      2
    264     13    264      0    264      0    264      0    264      0    264      0    264      0    264      0
    265     19    265      0    265      0    265      0    265      0    265      0    265      0    265      1
    266     13    266      0    266      0    266      0    266      0    266      0    266      0    266      0
    267     11    267      0    267      0    267      0    267      0    267      0    267      0    267      1
    268      6    268      0    268      0    268      0    268      0    268      0    268      0    268      1
    269     12    269      0    269      0    269      0    269      0    269      0    269      0    269      1
    270     13    270      0    270      0    270      0    270      0    270      0    270      0    270      0
    271      5    271      0    271      0    271      0    271      0    271      0    271      0    271      0
    272     12    272      0    272      0    272      0    272      0    272      0    272      0    272      0
    273     20    273      0    273      0    273      0    273      0    273      0    273      0    273      1
    274      7    274      0    274      0    274      0    274      0    274      0    274      0    274      0
    275     11    275      0    275      0    275      0    275      0    275      0    275      0    275      0
    276     13    276      0    276      0    276      0    276      0    276      0    276      0    276      3
    277     14    277      0    277      0    277      0    277      0    277      0    277      0    277      0
    278     13    278      0    278      0    278      0    278      0    278      0    278      0    278      0
    279      6    279      0    279      0    279      0    279      0    279      0    279      0    279      0
    280     11    280      0    280      0    280      0    280      0    280      0    280      0    280      2
    281      9    281      0    281      0    281      0    281      0    281      0    281      0    281      0
    282      5    282      0    282      0    282      0    282      1    282      0    282      0    282      0
    283      7    283      0    283      0    283      0    283      0    283      0    283      0    283      2
    284      6    284      0    284      0    284      0    284      0    284      0    284      0    284      0
    285      8    285      0    285      0    285      0    285      0    285      0    285      0    285      0
    286      8    286      0    286      0    286      0    286      0    286      0    286      0    286      1
    287      6    287      0    287      0    287      0    287      0    287      0    287      0    287      1
    288      3    288      0    288      0    288      0    288      0    288      0    288      0    288      1
    289      2    289      0    289      0    289      0    289      0    289      0    289      0    289      1
    290     11    290      0    290      0    290      0    290      0    290      0    290      0    290      0
    291      3    291      0    291      0    291      0    291      0    291      0    291      0    291      0
    292      3    292      0    292      0    292      0    292      0    292      0    292      0    292      0
    293      6    293      0    293      0    293      0    293      0    293      0    293      0    293      1
    294      3    294      0    294      0    294      0    294      0    294      0    294      0    294      1
    295      3    295      0    295      0    295      0    295      0    295      0    295      0    295      0
    296      6    296      0    296      0    296      0    296      0    296      0    296      0    296      1
    297      2    297      0    297      0    297      0    297      0    297      0    297      0    297      1
    298      3    298      0    298      0    298      0    298      0    298      0    298      0    298      1
    299      4    299      0    299      0    299      0    299      0    299      0    299      0    299      0
    300      7    300      0    300      0    300      0    300      0    300      0    300      0    300      1
    301      1    301      0    301      0    301      0    301      0    301      0    301      0    301      0
    302      1    302      0    302      0    302      0    302      1    302      0    302      0    302      2
    303      2    303      0    303      0    303      0    303      0    303      0    303      0    303      2
    304      3    304      0    304      0    304      0    304      0    304      0    304      0    304      1
    305      4    305      0    305      0    305      0    305      1    305      0    305      0    305      0
    306      0    306      0    306      0    306      0    306      0    306      0    306      0    306      1
    307      3    307      0    307      0    307      0    307      1    307      0    307      0    307      0
    308      3    308      0    308      0    308      0    308      0    308      0    308      0    308      0
    309      2    309      0    309      0    309      0    309      0    309      0    309      0    309      0
    310      0    310      0    310      0    310      0    310      0    310      0    310      0    310      1
    311      3    311      0    311      0    311      0    311      0    311      0    311      0    311      1
    312      0    312      0    312      0    312      0    312      0    312      0    312      0    312      0
    313      1    313      0    313      0    313      0    313      0    313      0    313      0    313      0
    314      1    314      0    314      0    314      0    314      0    314      0    314      0    314      1
    315      0    315      0    315      0    315      0    315      0    315      0    315      0    315      1
    316      1    316      0    316      0    316      0    316      0    316      0    316      0    316     19
    317      0    317      0    317      0    317      0    317      0    317      0    317      0    317     30
    318      4    318      0    318      0    318      0    318      0    318      0    318      0    318     31
    319      3    319      0    319      0    319      0    319      0    319      0    319      0    319     21
    320      1    320      0    320      0    320      0    320      0    320      0    320      0    320     35
    321      0    321      0    321      0    321      0    321      0    321      0    321      0    321     18
    322      0    322      0    322      0    322      0    322      0    322      0    322      0    322     26
    323      2    323      0    323      0    323      0    323      0    323      0    323      0    323     20
    324      0    324      0    324      0    324      0    324      0    324      0    324      0    324     27
    325      1    325      0    325      0    325      0    325      0    325      0    325      0    325     27
    326      1    326      0    326      0    326      0    326      0    326      0    326      0    326     28
    327      0    327      0    327      0    327      0    327      0    327      0    327      0    327     31
    328      0    328      0    328      0    328      0    328      0    328      0    328      0    328     27
    329      0    329      0    329      0    329      0    329      0    329      0    329      0    329     25
    330      0    330      0    330      0    330      0    330      0    330      0    330      0    330     23
    331      0    331      0    331      0    331      0    331      0    331      0    331      0    331     35
    332      0    332      0    332      0    332      0    332      0    332      0    332      0    332     29
    333      0    333      0    333      0    333      0    333      0    333      0    333      0    333     18
    334      0    334      0    334      0    334      0    334      0    334      0    334      0    334     22
    335      0    335      0    335      0    335      0    335      0    335      0    335      0    335     23
    336      0    336      0    336      0    336      0    336      0    336      0    336      0    336     37
    337      0    337      0    337      0    337      0    337      0    337      0    337      0    337     23
    338      0    338      0    338      0    338      0    338      0    338      0    338      0    338     28
    339      0    339      0    339      0    339      0    339      0    339      0    339      0    339     20
    340      0    340      0    340      0    340      0    340      0    340      0    340      0    340     33
    341      0    341      0    341      0    341      0    341      0    341      0    341      0    341     28
    342      0    342      0    342      0    342      0    342      0    342      0    342      0    342     25
    343      0    343      0    343      0    343      0    343      0    343      0    343      0    343     23
    344      0    344      0    344      0    344      0    344      0    344      0    344      0    344     30
    345      0    345      0    345      0    345      0    345      0    345      0    345      0    345     28
    346      0    346      0    346      0    346      0    346      0    346      0    346      0    346     25
    347      0    347      0    347      0    347      0    347      0    347      0    347      0    347     25
    348      0    348      0    348      0    348      0    348      0    348      0    348      0    348     30
    349      0    349      0    349      0    349      0    349      0    349      0    349      0    349     13
    350      0    350      0    350      0    350      0    350      0    350      0    350      0    350     25
    351      0    351      0    351      0    351      0    351      0    351      0    351      0    351     30
    352      0    352      0    352      0    352      0    352      0    352      0    352      0    352     26
    353      0    353      0    353      0    353      0    353      0    353      0    353      0    353     24
    354      0    354      0    354      0    354      0    354      0    354      0    354      0    354     29
    355      0    355      0    355      0    355      0    355      0    355      0    355      0    355     21
    356      0    356      0    356      0    356      0    356      0    356      0    356      0    356     25
    357      0    357      0    357      0    357      0    357      0    357      0    357      0    357     23
    358      0    358      0    358      0    358      0    358      0    358      0    358      0    358     20
    359      0    359      0    359      0    359      0    359      1    359      0    359      0    359     31
    360      1    360      0    360      0    360      0    360      0    360      0    360      0    360     29
    361      0    361      0    361      0    361      0    361      0    361      0    361      0    361     27
    362      0    362      0    362      0    362      0    362      0    362      0    362      0    362     26
    363      0    363      0    363      0    363      0    363      0    363      0    363      0    363     30
    364      0    364      0    364      0    364      0    364      0    364      0    364      0    364     23
    365      0    365      0    365      0    365      0    365      0    365      0    365      0    365     20
    366      0    366      0    366      0    366      0    366      0    366      0    366      0    366     18
    367      0    367      0    367      0    367      0    367      0    367      0    367      0    367     19
    368      0    368      0    368      0    368      0    368      0    368      0    368      0    368     18
    369      0    369      0    369      0    369      0    369      0    369      0    369      0    369     18
    370      0    370      0    370      0    370      0    370      0    370      0    370      0    370     24
    371      0    371      0    371      0    371      0    371      0    371      0    371      0    371     25
    372      0    372      0    372      0    372      0    372      0    372      0    372      0    372     25
    373      0    373      0    373      0    373      0    373      0    373      0    373      0    373     22
    374      0    374      0    374      0    374      0    374      0    374      0    374      0    374     24
    375      0    375      0    375      0    375      0    375      0    375      0    375      0    375     20
    376      0    376      0    376      0    376      0    376      0    376      0    376      0    376     35
    377      0    377      0    377      0    377      0    377      0    377      0    377      0    377     28
    378      0    378      0    378      0    378      0    378      1    378      0    378      0    378      2
    379      0    379      0    379      0    379      0    379      0    379      0    379      0    379      0
    380      0    380      0    380      0    380      0    380      0    380      0    380      0    380      0
    381      0    381      0    381      0    381      0    381      0    381      0    381      0    381      0
    382      0    382      0    382      0    382      0    382      0    382      0    382      0    382      0
    383      0    383      0    383      0    383      0    383      0    383      0    383      0    383      0
    384      0    384      0    384      0    384      0    384      0    384      0    384      0    384      0
    385      0    385      0    385      0    385      0    385      0    385      0    385      0    385      0
    386      0    386      0    386      0    386      0    386      0    386      0    386      0    386      0
    387      0    387      0    387      0    387      0    387      0    387      0    387      0    387      0
    388      0    388      0    388      0    388      0    388      0    388      0    388      0    388      0
    389      0    389      0    389      0    389      0    389      0    389      0    389      0    389      0
    390      0    390      0    390      0    390      0    390      0    390      0    390      0    390      0
    391      0    391      0    391      0    391      0    391      0    391      0    391      0    391      0
    392      0    392      0    392      0    392      0    392      0    392      0    392      0    392      0
    393      0    393      0    393      0    393      0    393      0    393      0    393      0    393      0
    394      0    394      0    394      0    394      0    394      0    394      0    394      0    394      0
    395      0    395      0    395      0    395      0    395      0    395      0    395      0    395      0
    396      0    396      0    396      0    396      0    396      0    396      0    396      0    396      0
    397      0    397      0    397      0    397      0    397      0    397      0    397      0    397      0
    398      0    398      0    398      0    398      0    398      0    398      0    398      0    398      0
    399      0    399      0    399      0    399      0    399      0    399      0    399      0    399      0
    400      0    400      0    400      0    400      0    400      0    400      0    400      0    400      0
    401      0    401      0    401      0    401      0    401      0    401      0    401      0    401      0
    402      0    402      0    402      0    402      0    402      0    402      0    402      0    402      0
    403      0    403      0    403      0    403      0    403      0    403      0    403      0    403      0
    404      0    404      0    404      0    404      0    404      0    404      0    404      0    404      0
    405      0    405      0    405      0    405      0    405      0    405      0    405      0    405      0
    406      0    406      0    406      0    406      0    406      0    406      0    406      0    406      0
    407      0    407      0    407      0    407      0    407      0    407      0    407      0    407      0
    408      0    408      0    408      0    408      0    408      0    408      0    408      0    408      0
    409      0    409      0    409      0    409      0    409      0    409      0    409      0    409      0
    410      0    410      0    410      0    410      0    410      0    410      0    410      0    410      0
    411      0    411      0    411      0    411      0    411      0    411      0    411      0    411      0
    412      0    412      0    412      0    412      0    412      0    412      0    412      0    412      0
    413      0    413      0    413      0    413      0    413      0    413      0    413      0    413      0
    414      0    414      0    414      0    414      0    414      1    414      0    414      0    414      0
    415      0    415      0    415      0    415      0    415      0    415      0    415      0    415      0
    416      0    416      0    416      0    416      0    416      0    416      0    416      0    416      0
    417      0    417      0    417      0    417      0    417      0    417      0    417      0    417      0
    418      0    418      0    418      0    418      0    418      1    418      0    418      0    418      0
    419      0    419      0    419      0    419      0    419      1    419      0    419      0    419      0
    420      0    420      0    420      0    420      0    420      0    420      0    420      0    420      0
    421      0    421      0    421      0    421      0    421      0    421      0    421      0    421      0
    422      0    422      0    422      0    422      0    422      0    422      0    422      0    422      0
    423      0    423      0    423      0    423      0    423      0    423      0    423      0    423      0
    424      0    424      0    424      0    424      0    424      0    424      0    424      0    424      0
    425      0    425      0    425      0    425      0    425      0    425      0    425      0    425      0
    426      0    426      0    426      0    426      0    426      0    426      0    426      0    426      0
    427      0    427      0    427      0    427      0    427      1    427      0    427      0    427      0
    428      0    428      0    428      0    428      0    428      0    428      0    428      0    428      0
    429      0    429      0    429      0    429      0    429      0    429      0    429      0    429      0
    430      0    430      0    430      0    430      0    430      0    430      0    430      0    430      0
    431      0    431      0    431      0    431      0    431      0    431      0    431      0    431      0
    432      0    432      0    432      0    432      0    432      0    432      0    432      0    432      0
    433      0    433      0    433      0    433      0    433      0    433      0    433      0    433      0
    434      0    434      0    434      0    434      0    434      0    434      0    434      0    434      0
    435      0    435      0    435      0    435      0    435      0    435      0    435      0    435      0
    436      0    436      0    436      0    436      0    436      0    436      0    436      0    436      0
    437      0    437      0    437      0    437      0    437      0    437      0    437      0    437      0
    438      0    438      0    438      0    438      0    438      0    438      0    438      0    438      0
    439      0    439      0    439      0    439      0    439      0    439      0    439      0    439      0
    440      0    440      0    440      0    440      0    440      0    440      0    440      0    440      0
    441      0    441      0    441      0    441      0    441      0    441      0    441      0    441      0
    442      0    442      0    442      0    442      0    442      0    442      0    442      0    442      0
    443      0    443      0    443      0    443      0    443      0    443      0    443      0    443      0
    444      0    444      0    444      0    444      0    444      0    444      0    444      0    444      0
    445      0    445      0    445      0    445      0    445      0    445      0    445      0    445      0
    446      0    446      0    446      0    446      0    446      0    446      0    446      0    446      0
    447      0    447      0    447      0    447      0    447      0    447      0    447      0    447      0
    448      0    448      0    448      0    448      0    448      0    448      0    448      0    448      0
    449      0    449      0    449      0    449      0    449      0    449      0    449      0    449      0
    450      0    450      0    450      0    450      0    450      0    450      0    450      0    450      0
    451      0    451      0    451      0    451      0    451      0    451      0    451      0    451      0
    452      0    452      0    452      0    452      0    452      0    452      0    452      0    452      0
    453      0    453      0    453      0    453      0    453      0    453      0    453      0    453      0
    454      0    454      0    454      0    454      0    454      0    454      0    454      0    454      0
    455      0    455      0    455      0    455      0    455      1    455      0    455      0    455      0
    456      0    456      0    456      0    456      0    456      0    456      0    456      0    456      0
    457      0    457      0    457      0    457      0    457      0    457      0    457      0    457      0
    458      0    458      0    458      0    458      0    458      0    458      0    458      0    458      0
    459      0    459      0    459      0    459      0    459      0    459      0    459      0    459      0
    460      0    460      0    460      0    460      0    460      0    460      0    460      0    460      0
    461      0    461      0    461      0    461      0    461      0    461      0    461      0    461      0
    462      0    462      0    462      0    462      0    462      0    462      0    462      0    462      0
    463      0    463      0    463      0    463      0    463      0    463      0    463      0    463      0
    464      0    464      0    464      0    464      0    464      0    464      0    464      0    464      0
    465      0    465      0    465      0    465      0    465      0    465      0    465      0    465      0
    466      0    466      0    466      0    466      0    466      0    466      0    466      0    466      0
    467      0    467      0    467      0    467      0    467      0    467      0    467      0    467      0
    468      0    468      0    468      0    468      0    468      0    468      0    468      0    468      0
    469      0    469      0    469      0    469      0    469      0    469      0    469      0    469      0
    470      0    470      0    470      0    470      0    470      0    470      0    470      0    470      0
    471      0    471      0    471      0    471      0    471      0    471      0    471      0    471      0
    472      0    472      0    472      0    472      0    472      0    472      0    472      0    472      0
    473      0    473      0    473      0    473      0    473      0    473      0    473      0    473      0
    474      0    474      0    474      0    474      0    474      0    474      0    474      0    474      0
    475      0    475      0    475      0    475      0    475      0    475      0    475      0    475      0
    476      0    476      0    476      0    476      0    476      0    476      0    476      0    476      0
    477      0    477      0    477      0    477      0    477      0    477      0    477      0    477      0
    478      0    478      0    478      0    478      0    478      0    478      0    478      0    478      0
    479      0    479      0    479      0    479      0    479      0    479      0    479      0    479      0
    480      0    480      0    480      0    480      0    480      0    480      0    480      0    480      0
    481      0    481      0    481      0    481      0    481      0    481      0    481      0    481      0
    482      0    482      0    482      0    482      0    482      0    482      0    482      0    482      0
    483      0    483      0    483      0    483      0    483      0    483      0    483      0    483      0
    484      0    484      0    484      0    484      0    484      0    484      0    484      0    484      0
    485      0    485      0    485      0    485      0    485      0    485      0    485      0    485      0
    486      0    486      0    486      0    486      0    486      0    486      0    486      0    486      0
    487      0    487      0    487      0    487      0    487      0    487      0    487      0    487      0
    488      0    488      0    488      0    488      0    488      0    488      0    488      0    488      0
    489      0    489      0    489      0    489      0    489      0    489      0    489      0    489      0
    490      0    490      0    490      0    490      0    490      0    490      0    490      0    490      0
    491      0    491      0    491      0    491      0    491      0    491      0    491      0    491      0
    492      0    492      0    492      0    492      0    492      1    492      0    492      0    492      0
    493      0    493      0    493      0    493      0    493      0    493      0    493      0    493      0
    494      0    494      0    494      0    494      0    494      0    494      0    494      0    494      0
    495      0    495      0    495      0    495      0    495      1    495      0    495      0    495      0
    496      0    496      0    496      0    496      0    496      0    496      0    496      0    496      0
    497      0    497      0    497      0    497      0    497      0    497      0    497      0    497      0
    498      0    498      0    498      0    498      0    498      0    498      0    498      0    498      0
    499      0    499      0    499      0    499      0    499      0    499      0    499      0    499      0
    500      0    500      0    500      0    500      0    500      0    500      0    500      0    500      0
    501      0    501      0    501      0    501      0    501      0    501      0    501      0    501      0
    502      0    502      0    502      0    502      0    502      0    502      0    502      0    502      0
    503      0    503      0    503      0    503      0    503      0    503      0    503      0    503      0
    504      0    504      0    504      0    504      0    504      0    504      0    504      0    504      0
    505      0    505      0    505      0    505      0    505      0    505      0    505      0    505      0
    506      0    506      0    506      0    506      0    506      0    506      0    506      0    506      0
    507      0    507      0    507      0    507      0    507      0    507      0    507      0    507      0
    508      0    508      0    508      0    508      0    508      1    508      0    508      0    508      0
    509      0    509      0    509      0    509      0    509      0    509      0    509      0    509      0
    510      0    510      0    510      0    510      0    510      1    510      0    510      0    510      0
    511      0    511      0    511      0    511      0    511      0    511      0    511      0    511      0
    512      0    512      0    512      0    512      0    512      0    512      0    512      0    512      0
