     0      0      0      0      0      0      0      0      0
    50      0      1      0      0      0      0      0      0
   100      1      0      0      0      0      0      0      1
   150      0      0      0      0      0      0      0      1
   200      0      0      0      0      0      0      0      0
   250      1      0      0      0      0      0      0      1
   300      0      0      0      0      0      0      0      0
   350      0      0      0      0      0      0      0      2
   400      0      0      0      0      0      0      0      6
   450      0      0      0      0      0      0      0     10
   500      0      0      0      0      0      0      0      4
   550      0      0      0      0      0      0      0      6
   600      0      0      0      0      0      0      0      5
   650      0      0      0      0      0      0      0      6
   700      0      0      0      0      0      0      0      8
   750      0      0      0      0      0      0      0      4
   800      0      0      0      0      0      0      0      5
   850      0      0      0      0      0      0      0     16
   900      0      0      0      0      0      0      0     25
   950      0      0      0      0      0      0      0     14
  1000      0      0      0      0      0      0      0     10
  1050      1      0      0      0      0      0      0      7
  1100      0      0      0      0      0      0      0      6
  1150      0      0      0      0      0      0      0      8
  1200      0      0      0      0      0      0      0      4
  1250      0      0      0      0      0      0      0      2
  1300      0      0      0      0      0      0      0      2
  1350      1      0      0      0      0      0      0      2
  1400      0      0      0      0      0      0      0      3
  1450      1      0      0      0      0      0      0      6
  1500      0      0      0      0      0      0      0      1
  1550      0      0      0      0      0      0      0      3
  1600      1      0      0      0      0      0      0      1
  1650      0      0      0      0      0      0      0      5
  1700      0      0      0      0      0      0      0      6
  1750      1      0      0      0      0      0      0      6
  1800      0      0      0      0      0      0      0      8
  1850      2      0      0      0      0      0      0     11
  1900      3      0      0      0      0      0      0     14
  1950      0      0      0      0      0      0      0     14
  2000      0      0      0      0      0      0      0      8
  2050      1      0      0      0      0      0      0      5
  2100      0      0      0      0      0      0      0      6
  2150      1      0      0      0      0      0      0      3
  2200      1      0      0      0      0      0      0      3
  2250      0      0      0      0      0      0      0      2
  2300      1      0      0      0      0      0      0      0
  2350      0      0      0      0      0      0      0      3
  2400      0      0      0      0      0      0      0      2
  2450      0      0      0      0      0      0      0      1
  2500      0      0      0      0      0      0      0      2
  2550      2      0      0      0      0      0      0      3
  2600      1      0      0      0      0      0      0      4
  2650      0      0      0      0      0      0      0      3
  2700      0      0      0      0      0      0      0      2
  2750      0      0      0      0      0      0      0      4
  2800      1      0      0      0      0      0      0      3
  2850      1      0      0      0      0      0      0      4
  2900      0      0      0      0      0      0      0      6
  2950      0      0      0      0      0      0      0      0
  3000     27      8      0      0      0      0      0    445
  3050     61     14      1      1      1      0      0   1198
  3100     72     25      5      0      0      0      0   1259
  3150     64     32     11      0      0      0      0   1249
  3200     72     24      4      0      0      0      0   1315
  3250     55     20      4      0      0      0      0   1164
  3300     63     25      2      0      0      0      0   1236
  3350     72     31      8      0      0      0      0   1247
  3400     58     21      5      0      0      0      0   1175
  3450     56     29      5      0      1      0      0   1137
  3500     73     39      5      0      0      0      0   1536
  3550     86     36      8      0      0      0      0   2099
  3600    118     45      8      0      0      0      0   2029
  3650    103     46      7      0      0      0      0   2025
  3700    107     36      9      0      0      0      0   2188
  3750    102     52     10      0      0      0      0   2158
  3800    112     62     11      1      0      0      0   2099
  3850     95     45      6      0      0      0      0   2141
  3900    106     48      5      0      1      0      0   2145
  3950    119     35      9      0      0      0      0   2140
  4000    104     46      5      0      1      0      0   2119
  4050    108     56      6      0      0      0      0   2130
  4100    118     29     10      0      0      0      0   2162
  4150     98     46      9      0      0      0      0   2083
  4200    106     42      6      0      0      0      0   2090
  4250    106     50      8      0      0      0      0   2118
  4300    116     32      9      0      0      0      0   2040
  4350    102     42      9      0      1      0      0   2126
  4400     99     49      9      1      0      0      0   2120
  4450    103     45      8      0      0      0      0   2047
  4500     99     48      5      0      0      0      0   2117
  4550    107     41     10      0      0      0      0   2100
  4600    114     31     11      0      1      0      0   2136
  4650    107     46      5      1      0      0      0   2074
  4700    106     45     10      0      1      0      0   2083
  4750    121     32      9      0      1      0      0   2011
  4800    111     34      5      0      0      0      0   2168
  4850    120     27     10      0      1      0      0   2118
  4900    113     29      4      0      1      0      0   2067
  4950    105     32      5      0      2      0      0   2102
  5000     93     34      6      1      0      0      0   2091
  5050    106     43      8      0      0      0      0   2149
  5100    106     42      8      0      1      0      0   2078
  5150     96     43      8      0      0      0      0   2078
  5200    109     43      6      0      0      0      0   2080
  5250    119     27      5      0      0      0      0   2064
  5300    112     42     10      0      0      0      0   2141
  5350    114     38      8      0      0      0      0   2105
  5400    116     36     10      0      0      0      0   2078
  5450    111     38      7      0      0      0      0   2092
  5500    109     49      8      0      0      0      0   2154
  5550     96     39      5      0      0      0      0   2093
  5600    105     34      4      0      0      0      0   2149
  5650    103     36      9      0      0      1      0   2030
  5700    109     36      7      0      0      0      0   2080
  5750     87     42     12      0      0      0      0   2037
  5800    112     32      6      0      0      0      0   2074
  5850    109     41      5      0      0      0      0   2037
  5900     94     39      4      0      0      0      0   2051
  5950     92     34     14      0      0      0      0   2053
  6000    108     41      8      0      0      0      0   2039
  6050    105     29      8      0      0      0      0   2090
  6100    106     31      4      0      0      0      0   2083
  6150     98     59      9      0      0      0      0   2060
  6200    107     31      3      1      0      0      0   2023
  6250     93     32      2      1      0      0      0   1961
  6300    123     46      7      0      0      0      0   1924
  6350    105     38      8      0      1      0      0   1992
  6400     96     45      7      0      0      0      0   2071
  6450     90     42      7      0      0      0      0   2019
  6500     91     34      7      0      0      0      0   1717
  6550     61     32      8      0      0      0      0   1186
  6600     58     32      5      0      1      0      0   1204
  6650     54     20      4      1      0      0      0   1166
  6700     57     20      2      0      0      0      0   1098
  6750     60     28      4      0      0      0      0   1148
  6800     62     31      2      0      0      0      0   1168
  6850     48     34      3      0      0      0      0   1132
  6900     62     20      1      0      0      0      0   1214
  6950     65     25      5      0      0      0      0   1108
  7000     58     17      4      0      0      0      0   1051
  7050     54     28      4      1      0      0      0   1166
  7100     55     22      0      0      0      0      0   1142
  7150     62     29      2      0      1      0      0   1144
  7200     51     36      4      0      0      0      0   1102
  7250     55     21      2      0      1      0      0   1130
  7300     57     17      0      0      0      0      0   1129
  7350     61     22      0      0      0      0      0   1167
  7400     51     17      0      0      0      0      0   1126
  7450     66     14      0      0      0      0      0   1193
  7500     60     14      0      0      0      0      0   1146
  7550     69     25      0      0      0      0      0   1122
  7600     56     22      0      0      0      0      0   1165
  7650     45     20      0      0      0      0      0   1133
  7700     60     25      0      0      0      0      0   1168
  7750     56     32      0      0      0      0      0   1191
  7800     56     17      0      0      0      0      0   1140
  7850     46     24      0      0      0      0      0   1146
  7900     64     21      0      0      0      0      0   1162
  7950     52     18      0      0      0      0      0   1173
  8000     40     20      0      0      0      0      0    767
  8050      1      0      0      0      0      0      0      4
  8100      1      0      0      0      0      0      0      8
  8150      0      0      0      0      0      0      0      4
  8200      0      0      0      0      0      0      0      4
  8250      0      0      0      0      0      0      0      0
  8300      0      0      0      0      0      0      0      2
  8350      1      0      0      0      0      0      0      5
  8400      0      0      0      0      0      0      0      2
  8450      1      0      0      0      0      0      0      2
  8500      2      0      0      0      0      0      0      0
  8550      0      0      0      0      0      0      0      0
  8600      0      0      0      0      0      0      0      8
  8650      0      0      0      0      0      0      0      0
  8700      0      0      0      0      0      0      0      5
  8750      0      0      0      0      0      0      0      4
  8800      1      0      0      0      0      0      0      3
  8850      1      0      0      0      0      0      0      4
  8900      0      0      0      0      0      0      0      2
  8950      0      0      0      0      0      0      0      2
  9000      1      0      0      0      0      0      0      1
  9050      1      0      0      0      0      0      0      3
  9100      1      0      0      0      0      0      0      3
  9150      0      0      0      0      0      0      0      5
  9200      1      0      0      0      0      0      0      1
  9250      2      0      0      0      0      0      0      0
  9300      0      0      0      0      0      0      0      0
  9350      0      0      0      0      0      0      0      1
  9400      1      0      0      0      0      0      0      2
  9450      0      0      0      0      0      0      0      1
  9500      0      0      0      0      0      0      0      0
  9550      0      0      0      0      0      0      0      1
  9600      2      0      0      0      0      0      0      0
  9650      0      0      0      0      0      0      0      0
  9700      2      0      0      0      0      0      0      0
  9750      0      0      0      0      0      0      0      0
  9800      0      0      0      0      0      0      0      0
  9850      0      0      0      0      0      0      0      0
  9900      0      0      0      0      0      0      0      0
  9950      1      0      0      0      0      0      0      0
 10000      0      0      0      0      0      0      0      0
 10050      0      0      0      0      0      0      0      1
 10100      0      0      0      0      0      0      0      0
 10150      0      0      0      0      0      0      0      0
 10200      1      0      0      0      0      0      0      0
 10250     18     10      0      0      0      0      0      2
 10300      0      0      0      0      0      0      0      0
 10350      0      0      0      0      0      0      0      0
 10400      0      0      0      0      0      0      0      0
 10450      0      0      0      0      0      0      0      0
 10500      0      0      0      0      0      0      0      0
 10550      0      0      0      0      0      0      0      0
 10600      0      0      0      0      0      0      0      0
 10650      0      0      0      0      0      0      0      0
 10700      0      0      0      0      0      0      0      0
 10750      0      0      0      0      0      0      0      0
 10800      0      0      0      0      0      0      0      0
 10850      0      0      0      0      0      0      0      0
 10900      0      0      0      0      0      0      0      0
 10950      0      0      0      0      0      0      0      0
 11000      0      0      0      0      0      0      0      0
