     0      0      0      0      0      0      0      0      0
    50      0      0      0      0      0      0      0      0
   100      2      0      0      0      0      0      0      2
   150      2      0      0      0      0      0      0      2
   200      3      0      0      0      0      0      0      7
   250      9      0      0      0      0      0      0      2
   300     15      0      0      0      0      0      0      4
   350     25      0      0      0      0      0      0     21
   400     54      1      0      0      0      0      0     56
   450    131      0      0      0      0      0      0    140
   500     94      0      0      0      0      0      0     90
   550     79      0      0      0      0      0      0    106
   600    101      1      0      0      0      0      0     99
   650     72      0      0      0      0      0      0     44
   700     48      0      0      0      0      0      0     39
   750     44      0      0      0      0      0      0     18
   800     56      0      0      0      0      0      0     25
   850    158      1      0      0      0      0      0     81
   900    274      3      0      0      0      0      0    199
   950    307      3      0      0      0      0      0    145
  1000    314      4      0      0      0      0      0    221
  1050    252      0      0      0      0      0      0    251
  1100    190      4      0      0      0      0      0    153
  1150    112      0      0      0      0      0      0     45
  1200     55      4      0      0      0      0      0     27
  1250     35      1      0      0      0      0      0     11
  1300     24      0      0      0      0      0      0      5
  1350     13      0      0      0      0      0      0      8
  1400     17      0      0      0      0      0      0      2
  1450      8      0      0      0      0      0      0      6
  1500      9      0      0      0      0      0      0      1
  1550      5      0      0      0      0      0      0      0
  1600      0      0      0      0      0      0      0      1
  1650      4      0      0      0      0      0      0      4
  1700      0      0      0      0      0      0      0      0
  1750      1      0      0      0      0      0      0      2
  1800      2      0      0      0      0      0      0      1
  1850      0      0      0      0      0      0      0      0
  1900      0      0      0      0      0      0      0      0
  1950      0      0      0      0      0      0      0      0
  2000      0      0      0      0      0      0      0      0
  2050      1      0      0      0      0      0      0      0
  2100      1      0      0      0      0      0      0      1
  2150      0      0      0      0      0      0      0      1
  2200      2      0      0      0      0      0      0      0
  2250      2      0      0      0      0      0      0      0
  2300      0      0      0      0      0      0      0      0
  2350      4      0      0      0      0      0      0      0
  2400      0      0      0      0      0      0      0      2
  2450      0      0      0      0      0      0      0      2
  2500     29      4      0      0      0      0      0    231
  2550    139     22      0      0      0      0      0    856
  2600    152     18      0      0      0      0      0    921
  2650    128     18      1      0      0      0      0    886
  2700    127     11      0      0      0      0      0    896
  2750    126      8      2      0      0      0      0    838
  2800     88     11      2      0      0      0      0    735
  2850     94     21      1      0      0      0      0    695
  2900     70      3      3      0      0      0      0    527
  2950      4      0      0      0      0      0      0     10
  3000      1      0      1      0      0      0      0      1
  3050      0      0      1      0      0      0      0      4
  3100      1      0      0      0      0      0      0      0
  3150      2      0      0      0      0      0      0      2
  3200      0      0      0      0      0      0      0      1
  3250      0      0      0      0      0      0      0      1
  3300      0      0      0      0      0      0      0      0
  3350      0      0      0      0      0      0      0      0
  3400      0      0      0      0      0      0      0      1
  3450      0      0      0      0      0      0      0      0
  3500      0      0      0      0      0      0      0      0
  3550      2      0      0      0      0      0      0      1
  3600      0      0      0      0      0      0      0      4
  3650      1      0      0      0      0      0      0      1
  3700      0      0      0      0      0      0      0      2
  3750      0      0      0      0      0      0      0      1
  3800      2      0      0      0      0      0      0      0
  3850      0      0      0      0      0      0      0      1
  3900      0      0      0      0      0      0      0      2
  3950      0      0      0      0      0      0      0      0
  4000      1      0      0      0      0      0      0      0
  4050      0      0      0      0      0      0      0      2
  4100      1      0      0      0      0      0      0      0
  4150      1      0      0      0      0      0      0      1
  4200      0      0      0      0      0      0      0      1
  4250      0      0      0      0      0      0      0      0
  4300      0      0      0      0      0      0      0      1
  4350      0      0      0      0      0      0      0      0
  4400      6      0      0      0      0      0      0      1
  4450      0      0      0      0      0      0      0      0
  4500     30      3      0      0      0      0      0    240
  4550    104     22      1      0      0      0      0    843
  4600    122     17      3      0      0      0      0    905
  4650    114     13      2      0      0      0      0    913
  4700    153     27      3      0      0      0      0    874
  4750    112     11      2      0      0      0      0    862
  4800    105     11      3      0      0      0      0    718
  4850     99      4      4      0      0      0      0    699
  4900     83      3      2      0      0      0      0    572
  4950      0      0      1      0      0      0      0      9
  5000      1      0      1      0      0      0      0      1
  5050      1      0      0      0      0      0      0      0
  5100      1      0      0      0      0      0      0      1
  5150      6      0      0      0      0      0      0      2
  5200      1      0      0      0      0      0      0      2
  5250      2      0      0      0      0      0      0      0
  5300      0      0      0      0      0      0      0      0
  5350      0      0      0      0      0      0      0      0
  5400      1      0      0      0      0      0      0      0
  5450      0      0      0      0      0      0      0      1
  5500      0      0      0      0      0      0      0      1
  5550      0      0      0      0      0      0      0      1
  5600      0      0      0      0      0      0      0      0
  5650      5      0      0      0      0      0      0      1
  5700      0      0      0      0      0      0      0      0
  5750      1      0      0      0      0      0      0      2
  5800      0      0      0      0      0      0      0      1
  5850      0      0      0      0      0      0      0      0
  5900      0      0      0      0      0      0      0      0
  5950      1      0      0      0      0      0      0      1
  6000     49      7      0      0      0      0      0    360
  6050    193     31      0      0      0      0      0   1193
  6100    182     20      1      0      1      0      0   1317
  6150    187     20      5      0      0      0      0   1397
  6200    196     17      3      0      0      0      0   1186
  6250    154     21      3      0      0      0      0   1163
  6300    152     24      5      0      0      0      0   1057
  6350    149     17      3      0      0      0      0   1041
  6400    143     20      2      0      0      0      0   1062
  6450    160     13      4      0      0      0      0   1081
  6500    249     27      6      0      0      0      0   1687
  6550    524     77      9      0      5      0      0   3445
  6600    554     64     16      0      2      1      0   3949
  6650    621     80     13      0      2      0      0   4033
  6700    580     80     15      0      0      1      0   3882
  6750    351     49      9      1      1      0      0   2552
  6800    266     35     10      0      0      0      0   1782
  6850    251     41     10      0      0      0      0   1744
  6900    224     50      7      0      0      0      0   1585
  6950    282     45      8      0      0      0      0   2015
  7000    362     49      7      0      1      0      0   2417
  7050    455     62      4      0      0      0      0   3260
  7100    507     97     14      0      0      0      0   3686
  7150    554     80     13      0      1      0      0   3759
  7200    515     60     13      1      3      0      0   3633
  7250    478     77     16      0      1      0      0   3463
  7300    446     63     10      1      0      0      0   3141
  7350    418     60      5      0      3      0      0   2925
  7400    446     73      8      0      1      0      0   3066
  7450    449     46      9      0      2      0      0   3035
  7500    439     60     11      0      1      0      0   3029
  7550    450     67     13      0      2      0      0   3254
  7600    519     73      5      0      2      0      0   3551
  7650    499     56      9      0      0      0      0   3407
  7700    508     64      4      0      1      0      0   3368
  7750    437     56      5      0      0      0      0   3044
  7800    284     34      6      0      0      0      0   2201
  7850    273     50      3      0      0      0      0   2070
  7900    267     35      6      0      0      0      0   2021
  7950    279     41      0      0      0      0      0   2061
  8000    274     34      0      0      0      0      0   1817
  8050    170     32      0      0      1      0      0   1231
  8100    140     27      0      0      0      0      0   1119
  8150    170     25      0      0      1      0      0   1186
  8200    182     28      0      0      0      0      0   1210
  8250    100      7      0      0      0      0      0    790
  8300      0      0      0      0      0      0      0      6
  8350      0      0      0      0      0      0      0      0
  8400      0      0      0      0      0      0      0      0
  8450      0      0      0      0      0      0      0      0
  8500      0      0      0      0      0      0      0      0
  8550      0      0      0      0      0      0      0      0
  8600      0      0      0      0      0      0      0      0
  8650      0      0      0      0      0      0      0      0
  8700      0      0      0      0      0      0      0      0
  8750      0      0      0      0      0      0      0      0
  8800      0      0      0      0      0      0      0      0
  8850      0      0      0      0      0      0      0      0
  8900      0      0      0      0      0      0      0      0
  8950      0      0      0      0      0      0      0      0
  9000      0      0      0      0      0      0      0      0
  9050      0      0      0      0      0      0      0      0
  9100      0      0      0      0      0      0      0      0
  9150      0      0      0      0      0      0      0      0
  9200      0      0      0      0      0      0      0      0
  9250      0      0      0      0      0      0      0      0
  9300      0      0      0      0      0      0      0      0
  9350      0      0      0      0      0      0      0      0
  9400      0      0      0      0      0      0      0      0
  9450      0      0      0      0      0      0      0      0
  9500      0      0      0      0      0      0      0      0
  9550      0      0      0      0      0      0      0      0
  9600      0      0      0      0      0      0      0      0
  9650      0      0      0      0      0      0      0      0
  9700      0      0      0      0      0      0      0      0
  9750      0      0      0      0      0      0      0      0
  9800      0      0      0      0      0      0      0      0
  9850      0      0      0      0      0      0      0      0
  9900      0      0      0      0      0      0      0      0
  9950      0      0      0      0      0      0      0      0
 10000      0      0      0      0      0      0      0      0
 10050      0      0      0      0      0      0      0      0
 10100      0      0      0      0      0      0      0      0
 10150      0      0      0      0      0      0      0      0
 10200      0      0      0      0      0      0      0      0
 10250      0      0      0      0      0      0      0      0
 10300      0      0      0      0      0      0      0      0
 10350      0      0      0      0      0      0      0      0
 10400      0      0      0      0      0      0      0      0
 10450      0      0      0      0      0      0      0      0
 10500      0      0      0      0      0      0      0      0
 10550      0      0      0      0      0      0      0      0
 10600      0      0      0      0      0      0      0      0
 10650      0      0      0      0      0      0      0      0
 10700      0      0      0      0      0      0      0      0
 10750      0      0      0      0      0      0      0      0
 10800      0      0      0      0      0      0      0      0
 10850      0      0      0      0      0      0      0      0
 10900      0      0      0      0      0      0      0      0
 10950      0      0      0      0      0      0      0      0
 11000      0      0      0      0      0      0      0      0
 11050      0      0      0      0      0      0      0      0
 11100      0      0      0      0      0      0      0      0
 11150      0      0      0      0      0      0      0      0
 11200      0      0      0      0      0      0      0      0
 11250      0      0      0      0      0      0      0      0
 11300      0      0      0      0      0      0      0      0
 11350      0      0      0      0      0      0      0      0
 11400      0      0      0      0      0      0      0      0
 11450      0      0      0      0      0      0      0      0
 11500      0      0      0      0      0      0      0      0
 11550      0      0      0      0      0      0      0      0
 11600      0      0      0      0      0      0      0      0
 11650      0      0      0      0      0      0      0      0
 11700      0      0      0      0      0      0      0      0
 11750      0      0      0      0      0      0      0      0
 11800      0      0      0      0      0      0      0      0
 11850      0      0      0      0      0      0      0      0
 11900      0      0      0      0      0      0      0      0
 11950      0      0      0      0      0      0      0      0
 12000      0      0      0      0      0      0      0      0
