      1      0      1      0      1      0      1      0      1      0      1      0      1      0      1      0
      2      0      2      0      2      0      2      0      2      0      2      0      2      0      2      0
      3      0      3      0      3      0      3      0      3      0      3      0      3      0      3      0
      4      0      4      0      4      0      4      0      4      0      4      0      4      0      4      0
      5      0      5      0      5      0      5      0      5      0      5      0      5      0      5      0
      6      0      6      1      6      0      6      0      6      0      6      0      6      0      6      0
      7      0      7      0      7      0      7      0      7      0      7      0      7      0      7      0
      8      0      8      1      8      0      8      0      8      0      8      0      8      0      8      0
      9      0      9      2      9      0      9      0      9      0      9      0      9      0      9      0
     10      0     10      4     10      0     10      0     10      0     10      0     10      0     10      0
     11      0     11      8     11      0     11      0     11      0     11      0     11      0     11      0
     12      0     12     10     12      0     12      0     12      0     12      0     12      0     12      0
     13      0     13      4     13      0     13      0     13      0     13      0     13      0     13      0
     14      0     14     12     14      0     14      0     14      0     14      0     14      0     14      0
     15      0     15      9     15      0     15      0     15      0     15      0     15      0     15      0
     16      0     16      7     16    119     16      0     16      0     16      0     16      0     16      0
     17      0     17     13     17     72     17      0     17      0     17      0     17      0     17      0
     18      6     18     12     18     57     18      0     18      0     18      0     18      0     18      1
     19     80     19     11     19     39     19      0     19      0     19      0     19      0     19      4
     20    205     20     25     20     24     20      0     20      0     20      0     20      0     20      2
     21    352     21     15     21     22     21      0     21      0     21      0     21      0     21      3
     22    460     22     17     22      8     22      0     22      0     22      0     22      0     22      6
     23    459     23     17     23      7     23      0     23      0     23      0     23      0     23     11
     24    449     24     30     24     12     24      0     24      0     24      0     24      0     24      8
     25    450     25     35     25      5     25      0     25      0     25      0     25      0     25     23
     26    468     26     26     26      6     26      0     26      0     26      0     26      0     26     43
     27    480     27     36     27      3     27      0     27      0     27      0     27      0     27     93
     28    534     28     37     28      2     28      0     28      0     28      0     28      0     28    134
     29    596     29     42     29      2     29      0     29      0     29      0     29      0     29    223
     30    522     30     32     30      0     30      0     30      0     30      0     30      0     30    343
     31    513     31     47     31      1     31      0     31      0     31      0     31      0     31    507
     32    387     32     48     32      4     32      0     32      0     32      0     32      0     32    632
     33    363     33     47     33      0     33      0     33      0     33      0     33      0     33    781
     34    331     34     44     34      1     34      0     34      0     34      0     34      0     34    965
     35    333     35     54     35      1     35      0     35      0     35      0     35      0     35   1111
     36    309     36     60     36      0     36      0     36      0     36      0     36      0     36   1201
     37    279     37     42     37      0     37      0     37      0     37      0     37      0     37   1303
     38    279     38     46     38      0     38      0     38      0     38      0     38      0     38   1453
     39    269     39     64     39      0     39      0     39      0     39      0     39      0     39   1367
     40    255     40     55     40      0     40      0     40      0     40      0     40      0     40   1488
     41    248     41     52     41      0     41      0     41      0     41      0     41      0     41   1450
     42    186     42     58     42      0     42      0     42      0     42      0     42      0     42   1464
     43    234     43     41     43      0     43      0     43      0     43      0     43      0     43   1312
     44    222     44     37     44      0     44      0     44      0     44      0     44      0     44   1286
     45    215     45     34     45      0     45      0     45      0     45      0     45      0     45   1336
     46    215     46     18     46      0     46      0     46      0     46      0     46      0     46   1272
     47    237     47     24     47      0     47      0     47      0     47      0     47      0     47   1237
     48    215     48     18     48      0     48      0     48      0     48      0     48      0     48   1242
     49    206     49     17     49      0     49      0     49      0     49      0     49      0     49   1209
     50    172     50     12     50      0     50      0     50      0     50      0     50      0     50   1123
     51    210     51     10     51      0     51      0     51      0     51      0     51      0     51   1180
     52    214     52      5     52      0     52      0     52      0     52      0     52      0     52   1127
     53    195     53      4     53      0     53      0     53      0     53      0     53      0     53   1172
     54    142     54      4     54      0     54      0     54      0     54      0     54      0     54   1137
     55    135     55     10     55      0     55      0     55      0     55      0     55      0     55   1162
     56    137     56     13     56      0     56      0     56      0     56      0     56      0     56   1118
     57    124     57      8     57      0     57      0     57      0     57      0     57      0     57   1139
     58    167     58     11     58      0     58      0     58      0     58      0     58      0     58   1107
     59    141     59      7     59      0     59      0     59      0     59      0     59      0     59   1135
     60     99     60      6     60      0     60      1     60      0     60      0     60      0     60   1159
     61    143     61      2     61      0     61      0     61      0     61      0     61      0     61   1207
     62    121     62      6     62      0     62      0     62      0     62      0     62      0     62   1033
     63    146     63      2     63      0     63      1     63      0     63      0     63      0     63   1110
     64    125     64      6     64      0     64      0     64      0     64      0     64      0     64   1126
     65    109     65      9     65      0     65      0     65      0     65      0     65      0     65   1096
     66    106     66      4     66      0     66      1     66      0     66      0     66      0     66   1078
     67    100     67      3     67      0     67      0     67      0     67      0     67      0     67   1044
     68    102     68      3     68      0     68      0     68      0     68      0     68      0     68   1131
     69    107     69      9     69      0     69      0     69      0     69      0     69      0     69   1061
     70    112     70      3     70      0     70      0     70      0     70      0     70      0     70   1105
     71     98     71      4     71      0     71      0     71      0     71      0     71      0     71   1025
     72    110     72      4     72      0     72      0     72      0     72      0     72      0     72   1010
     73    102     73      2     73      0     73      0     73      0     73      0     73      0     73   1035
     74     79     74      5     74      0     74      1     74      0     74      0     74      0     74   1047
     75    100     75     10     75      0     75      0     75      0     75      0     75      0     75   1009
     76     96     76      3     76      0     76      0     76      0     76      0     76      0     76   1044
     77     97     77      2     77      0     77      0     77      0     77      0     77      0     77   1009
     78     84     78      2     78      0     78      0     78      0     78      0     78      0     78   1035
     79     71     79      4     79      0     79      0     79      0     79      0     79      0     79   1043
     80     68     80      0     80      0     80      0     80      0     80      0     80      0     80   1054
     81     56     81      1     81      0     81      0     81      0     81      0     81      0     81   1029
     82     78     82      1     82      0     82      0     82      0     82      0     82      0     82   1028
     83     59     83      2     83      0     83      0     83      0     83      0     83      0     83   1067
     84     59     84      4     84      0     84      0     84      0     84      0     84      0     84   1044
     85     67     85      3     85      0     85      0     85      0     85      0     85      0     85   1041
     86     81     86      5     86      0     86      0     86      0     86      0     86      0     86   1054
     87     61     87      3     87      0     87      0     87      0     87      0     87      0     87   1027
     88     55     88      1     88      0     88      0     88      0     88      0     88      0     88    993
     89     71     89      5     89      0     89      0     89      0     89      0     89      0     89   1034
     90     66     90      6     90      0     90      0     90      0     90      0     90      0     90    994
     91     64     91      2     91      0     91      0     91      0     91      0     91      0     91   1021
     92     69     92      9     92      0     92      0     92      0     92      0     92      0     92   1003
     93     72     93      4     93      0     93      0     93      0     93      0     93      0     93    988
     94     60     94      2     94      0     94      0     94      0     94      0     94      0     94    957
     95     57     95      8     95      0     95      0     95      0     95      0     95      0     95    955
     96     54     96      9     96      0     96      0     96      0     96      0     96      0     96    978
     97     50     97      5     97      0     97      0     97      0     97      0     97      0     97    983
     98     51     98     11     98      0     98      0     98      0     98      0     98      0     98    991
     99     41     99      6     99      0     99      0     99      0     99      0     99      0     99    907
    100     49    100     13    100      0    100      0    100      0    100      0    100      0    100    998
    101     51    101     15    101      0    101      0    101      0    101      0    101      0    101    960
    102     41    102     15    102      0    102      0    102      0    102      0    102      0    102    900
    103     60    103     16    103      0    103      0    103      0    103      0    103      0    103    987
    104     42    104     15    104      0    104      0    104      0    104      0    104      0    104    901
    105     35    105     18    105      0    105      0    105      0    105      0    105      0    105    962
    106     41    106     12    106      0    106      0    106      0    106      0    106      0    106    855
    107     53    107     14    107      0    107      0    107      0    107      0    107      0    107    901
    108     42    108     10    108      0    108      0    108      0    108      0    108      0    108    839
    109     58    109     18    109      0    109      0    109      0    109      0    109      0    109    859
    110     39    110      9    110      0    110      0    110      0    110      0    110      0    110    792
    111     43    111      8    111      0    111      0    111      0    111      0    111      0    111    856
    112     48    112      7    112      0    112      0    112      0    112      0    112      0    112    811
    113     37    113     10    113      0    113      0    113      0    113      0    113      0    113    768
    114     40    114      4    114      0    114      0    114      0    114      0    114      0    114    828
    115     50    115      6    115      0    115      0    115      0    115      0    115      0    115    750
    116     38    116      5    116      0    116      0    116      0    116      0    116      0    116    770
    117     39    117      6    117      0    117      0    117      0    117      0    117      0    117    758
    118     48    118      1    118      0    118      0    118      0    118      0    118      0    118    780
    119     41    119      5    119      0    119      0    119      0    119      0    119      0    119    767
    120     34    120      0    120      0    120      0    120      0    120      0    120      0    120    731
    121     43    121      2    121      0    121      0    121      0    121      1    121      0    121    773
    122     36    122      1    122      0    122      0    122      0    122      0    122      0    122    757
    123     31    123      0    123      0    123      0    123      0    123      0    123      0    123    702
    124     33    124      2    124      0    124      0    124      0    124      0    124      0    124    717
    125     49    125      0    125      0    125      0    125      0    125      0    125      0    125    664
    126     43    126      0    126      0    126      0    126      0    126      0    126      0    126    714
    127     40    127      1    127      0    127      0    127      0    127      0    127      0    127    668
    128     39    128      0    128      0    128      0    128      0    128      0    128      0    128    634
    129     33    129      0    129      0    129      0    129      0    129      0    129      0    129    688
    130     36    130      0    130      0    130      0    130      0    130      0    130      0    130    636
    131     51    131      0    131      0    131      0    131      0    131      0    131      0    131    606
    132     45    132      0    132      0    132      0    132      0    132      0    132      0    132    636
    133     30    133      1    133      0    133      0    133      0    133      0    133      0    133    593
    134     39    134      0    134      0    134      0    134      0    134      0    134      0    134    667
    135     23    135      0    135      0    135      0    135      0    135      0    135      0    135    551
    136     36    136      1    136      0    136      0    136      0    136      0    136      0    136    619
    137     27    137      1    137      0    137      0    137      0    137      0    137      0    137    584
    138     33    138      0    138      0    138      0    138      0    138      0    138      0    138    569
    139     32    139      1    139      0    139      0    139      0    139      0    139      0    139    547
    140     29    140      1    140      0    140      0    140      0    140      0    140      0    140    539
    141     36    141      0    141      0    141      0    141      0    141      0    141      0    141    580
    142     28    142      0    142      0    142      0    142      0    142      0    142      0    142    554
    143     33    143      0    143      0    143      0    143      0    143      0    143      0    143    525
    144     19    144      0    144      0    144      0    144      0    144      0    144      0    144    459
    145     24    145      0    145      0    145      0    145      0    145      0    145      0    145    476
    146     36    146      1    146      0    146      0    146      0    146      0    146      0    146    442
    147     24    147      1    147      0    147      0    147      0    147      0    147      0    147    469
    148     22    148      0    148      0    148      0    148      0    148      0    148      0    148    425
    149     16    149      0    149      0    149      0    149      0    149      0    149      0    149    376
    150     27    150      0    150      0    150      0    150      0    150      0    150      0    150    393
    151     28    151      0    151      0    151      0    151      0    151      0    151      0    151    388
    152     21    152      0    152      0    152      0    152      0    152      0    152      0    152    381
    153     27    153      0    153      0    153      0    153      0    153      0    153      0    153    349
    154     14    154      0    154      0    154      0    154      0    154      0    154      0    154    322
    155     33    155      0    155      0    155      0    155      0    155      0    155      0    155    310
    156     16    156      0    156      0    156      0    156      0    156      0    156      0    156    294
    157     20    157      0    157      0    157      0    157      0    157      0    157      0    157    265
    158     19    158      0    158      0    158      0    158      0    158      0    158      0    158    257
    159     28    159      0    159      0    159      0    159      0    159      0    159      0    159    265
    160     29    160      0    160      0    160      0    160      0    160      0    160      0    160    254
    161     14    161      0    161      0    161      0    161      0    161      0    161      0    161    224
    162     18    162      0    162      0    162      0    162      0    162      0    162      0    162    215
    163     23    163      0    163      0    163      0    163      0    163      0    163      0    163    157
    164     16    164      0    164      0    164      0    164      0    164      0    164      0    164    173
    165     25    165      0    165      0    165      0    165      0    165      0    165      0    165    181
    166     27    166      0    166      0    166      0    166      0    166      0    166      0    166    144
    167     15    167      0    167      0    167      0    167      0    167      0    167      0    167    141
    168     27    168      0    168      0    168      0    168      0    168      0    168      0    168    127
    169     16    169      0    169      0    169      0    169      0    169      0    169      0    169    118
    170     10    170      0    170      0    170      0    170      0    170      0    170      0    170    101
    171     19    171      0    171      0    171      0    171      0    171      0    171      0    171     90
    172     29    172      0    172      0    172      0    172      0    172      0    172      0    172     88
    173     17    173      0    173      0    173      0    173      0    173      0    173      0    173     71
    174     26    174      0    174      0    174      0    174      0    174      0    174      0    174     67
    175     25    175      0    175      0    175      0    175      0    175      0    175      0    175     58
    176     19    176      0    176      0    176      0    176      0    176      0    176      0    176     60
    177     16    177      0    177      0    177      0    177      0    177      0    177      0    177     49
    178     13    178      0    178      0    178      0    178      0    178      0    178      0    178     46
    179     21    179      0    179      0    179      0    179      0    179      0    179      0    179     34
    180     13    180      0    180      0    180      0    180      0    180      0    180      0    180     36
    181     16    181      0    181      0    181      0    181      0    181      0    181      0    181     30
    182     15    182      0    182      0    182      0    182      0    182      0    182      0    182     27
    183     23    183      0    183      0    183      0    183      0    183      0    183      0    183     21
    184     20    184      0    184      0    184      0    184      0    184      0    184      0    184     25
    185     15    185      0    185      0    185      0    185      0    185      0    185      0    185     17
    186     29    186      0    186      0    186      0    186      0    186      0    186      0    186     15
    187     16    187      0    187      0    187      0    187      0    187      0    187      0    187     16
    188     17    188      0    188      0    188      0    188      0    188      0    188      0    188     14
    189     17    189      0    189      0    189      0    189      0    189      0    189      0    189      9
    190     20    190      0    190      0    190      0    190      0    190      0    190      0    190      9
    191     19    191      0    191      0    191      0    191      0    191      0    191      0    191      5
    192     18    192      0    192      0    192      0    192      0    192      0    192      0    192      5
    193     15    193      0    193      0    193      0    193      0    193      0    193      0    193      5
    194     15    194      0    194      0    194      0    194      0    194      0    194      0    194      5
    195     11    195      0    195      0    195      0    195      0    195      0    195      0    195      4
    196     20    196      0    196      0    196      0    196      0    196      0    196      0    196      5
    197     16    197      0    197      0    197      0    197      0    197      0    197      0    197      5
    198     12    198      0    198      0    198      0    198      0    198      0    198      0    198      2
    199     15    199      0    199      0    199      0    199      0    199      0    199      0    199      1
    200     19    200      0    200      0    200      0    200      0    200      0    200      0    200      1
    201     13    201      0    201      0    201      0    201      0    201      0    201      0    201      2
    202     11    202      0    202      0    202      0    202      1    202      0    202      0    202      1
    203     20    203      0    203      0    203      0    203      0    203      0    203      0    203      0
    204     12    204      0    204      0    204      0    204      0    204      0    204      0    204      2
    205      9    205      0    205      0    205      0    205      0    205      0    205      0    205      1
    206     16    206      0    206      0    206      0    206      0    206      0    206      0    206      0
    207     20    207      0    207      0    207      0    207      0    207      0    207      0    207      1
    208     18    208      0    208      0    208      0    208      0    208      0    208      0    208      0
    209     15    209      0    209      0    209      0    209      0    209      0    209      0    209      0
    210     14    210      0    210      0    210      0    210      0    210      0    210      0    210      1
    211     10    211      0    211      0    211      0    211      0    211      0    211      0    211      0
    212     22    212      0    212      0    212      0    212      1    212      0    212      0    212      0
    213     18    213      0    213      0    213      0    213      0    213      0    213      0    213      0
    214     14    214      0    214      0    214      0    214      0    214      0    214      0    214      1
    215     15    215      0    215      0    215      0    215      0    215      0    215      0    215      1
    216     18    216      0    216      0    216      0    216      0    216      0    216      0    216      1
    217     17    217      0    217      0    217      0    217      0    217      0    217      0    217      1
    218     14    218      0    218      0    218      0    218      0    218      0    218      0    218      0
    219     10    219      0    219      0    219      0    219      0    219      0    219      0    219      0
    220     14    220      0    220      0    220      0    220      0    220      0    220      0    220      1
    221     13    221      0    221      0    221      0    221      0    221      0    221      0    221      1
    222      8    222      0    222      0    222      0    222      0    222      0    222      0    222      0
    223     14    223      0    223      0    223      0    223      0    223      0    223      0    223      1
    224     15    224      0    224      0    224      0    224      0    224      0    224      0    224      0
    225     10    225      0    225      0    225      0    225      0    225      0    225      0    225      1
    226     12    226      0    226      0    226      0    226      0    226      0    226      0    226      3
    227      8    227      0    227      0    227      0    227      0    227      0    227      0    227      2
    228     20    228      0    228      0    228      0    228      0    228      0    228      0    228      0
    229     16    229      0    229      0    229      0    229      0    229      0    229      0    229      2
    230     12    230      0    230      0    230      0    230      0    230      0    230      0    230      1
    231     14    231      0    231      0    231      0    231      0    231      0    231      0    231      0
    232     15    232      0    232      0    232      0    232      0    232      0    232      0    232      0
    233     10    233      0    233      0    233      0    233      0    233      0    233      0    233      0
    234      8    234      0    234      0    234      0    234      0    234      0    234      0    234      1
    235     17    235      0    235      0    235      0    235      0    235      0    235      0    235      2
    236     15    236      0    236      0    236      0    236      0    236      0    236      0    236      1
    237     10    237      0    237      0    237      0    237      0    237      0    237      0    237      1
    238     17    238      0    238      0    238      0    238      0    238      0    238      0    238      0
    239     16    239      0    239      0    239      0    239      0    239      0    239      0    239      0
    240     12    240      0    240      0    240      0    240      0    240      0    240      0    240      0
    241     18    241      0    241      0    241      0    241      0    241      0    241      0    241      0
    242      9    242      0    242      0    242      0    242      0    242      0    242      0    242      0
    243     19    243      0    243      0    243      0    243      0    243      0    243      0    243      1
    244     12    244      0    244      0    244      0    244      0    244      0    244      0    244      1
    245     14    245      0    245      0    245      0    245      0    245      0    245      0    245      0
    246      9    246      0    246      0    246      0    246      0    246      0    246      0    246      1
    247     18    247      0    247      0    247      0    247      0    247      0    247      0    247      1
    248     13    248      0    248      0    248      0    248      0    248      0    248      0    248      1
    249      9    249      0    249      0    249      0    249      0    249      0    249      0    249      0
    250     22    250      0    250      0    250      0    250      0    250      0    250      0    250      1
    251     13    251      0    251      0    251      0    251      0    251      0    251      0    251      0
    252     12    252      0    252      0    252      0    252      0    252      0    252      0    252      0
    253     15    253      0    253      0    253      0    253      0    253      0    253      0    253      1
    254     10    254      0    254      0    254      0    254      0    254      0    254      0    254      0
    255     13    255      0    255      0    255      0    255      0    255      0    255      0    255      0
    256     11    256      0    256      0    256      0    256      0    256      0    256      0    256      2
    257      9    257      0    257      0    257      0    257      0    257      0    257      0    257      0
    258     11    258      0    258      0    258      0    258      0    258      0    258      0    258      0
    259      9    259      0    259      0    259      0    259      0    259      0    259      0    259      0
    260     12    260      0    260      0    260      0    260      0    260      0    260      0    260      1
    261     12    261      0    261      0    261      0    261      0    261      0    261      0    261      1
    262     16    262      0    262      0    262      0    262      0    262      0    262      0    262      0
    263     11    263      0    263      0    263      0    263      0    263      0    263      0    263      0
    264      9    264      0    264      0    264      0    264      0    264      0    264      0    264      0
    265      9    265      0    265      0    265      0    265      0    265      0    265      0    265      1
    266      9    266      0    266      0    266      0    266      0    266      0    266      0    266      0
    267     14    267      0    267      0    267      0    267      0    267      0    267      0    267      0
    268     16    268      0    268      0    268      0    268      0    268      0    268      0    268      0
    269      9    269      0    269      0    269      0    269      0    269      0    269      0    269      1
    270     14    270      0    270      0    270      0    270      0    270      0    270      0    270      0
    271     10    271      0    271      0    271      0    271      0    271      0    271      0    271      1
    272     14    272      0    272      0    272      0    272      0    272      0    272      0    272      1
    273     15    273      0    273      0    273      0    273      0    273      0    273      0    273      0
    274     11    274      0    274      0    274      0    274      1    274      0    274      0    274      0
    275     10    275      0    275      0    275      0    275      0    275      0    275      0    275      0
    276     12    276      0    276      0    276      0    276      0    276      0    276      0    276      0
    277      9    277      0    277      0    277      0    277      0    277      0    277      0    277      0
    278      8    278      0    278      0    278      0    278      0    278      0    278      0    278      0
    279      7    279      0    279      0    279      0    279      0    279      0    279      0    279      0
    280     13    280      0    280      0    280      0    280      0    280      0    280      0    280      1
    281      5    281      0    281      0    281      0    281      0    281      0    281      0    281      0
    282      8    282      0    282      0    282      0    282      0    282      0    282      0    282      0
    283     11    283      0    283      0    283      0    283      0    283      0    283      0    283      1
    284     11    284      0    284      0    284      0    284      0    284      0    284      0    284      0
    285      8    285      0    285      0    285      0    285      0    285      0    285      0    285      1
    286      5    286      0    286      0    286      0    286      0    286      0    286      0    286      0
    287      8    287      0    287      0    287      0    287      0    287      0    287      0    287      0
    288     14    288      0    288      0    288      0    288      0    288      0    288      0    288      1
    289      8    289      0    289      0    289      0    289      0    289      0    289      0    289      0
    290      8    290      0    290      0    290      0    290      0    290      0    290      0    290      1
    291     12    291      0    291      0    291      0    291      0    291      0    291      0    291      0
    292     14    292      0    292      0    292      0    292      0    292      0    292      0    292      1
    293      8    293      0    293      0    293      0    293      0    293      0    293      0    293      0
    294      4    294      0    294      0    294      0    294      0    294      0    294      0    294      0
    295      7    295      0    295      0    295      0    295      0    295      0    295      0    295      0
    296      5    296      0    296      0    296      0    296      0    296      0    296      0    296      0
    297     10    297      0    297      0    297      0    297      0    297      0    297      0    297      0
    298      6    298      0    298      0    298      0    298      0    298      0    298      0    298      0
    299     15    299      0    299      0    299      0    299      0    299      0    299      0    299      0
    300     10    300      0    300      0    300      0    300      0    300      0    300      0    300      0
    301      8    301      0    301      0    301      0    301      0    301      0    301      0    301      0
    302      7    302      0    302      0    302      0    302      0    302      0    302      0    302      1
    303     11    303      0    303      0    303      0    303      0    303      0    303      0    303      1
    304     10    304      0    304      0    304      0    304      0    304      0    304      0    304      0
    305      9    305      0    305      0    305      0    305      0    305      0    305      0    305      1
    306      9    306      0    306      0    306      0    306      0    306      0    306      0    306      0
    307     10    307      0    307      0    307      0    307      0    307      0    307      0    307      0
    308     10    308      0    308      0    308      0    308      0    308      0    308      0    308      0
    309     11    309      0    309      0    309      0    309      0    309      0    309      0    309      0
    310     11    310      0    310      0    310      0    310      0    310      0    310      0    310      0
    311     13    311      0    311      0    311      0    311      0    311      0    311      0    311      0
    312     16    312      0    312      0    312      0    312      0    312      0    312      0    312      0
    313      8    313      0    313      0    313      0    313      0    313      0    313      0    313      0
    314      6    314      0    314      0    314      0    314      0    314      0    314      0    314      0
    315     10    315      0    315      0    315      0    315      0    315      0    315      0    315      0
    316      9    316      0    316      0    316      0    316      0    316      0    316      0    316     13
    317      8    317      0    317      0    317      0    317      0    317      0    317      0    317     25
    318     12    318      0    318      0    318      0    318      0    318      0    318      0    318     27
    319      8    319      0    319      0    319      0    319      0    319      0    319      0    319     18
    320      7    320      0    320      0    320      0    320      0    320      0    320      0    320     16
    321      8    321      0    321      0    321      0    321      0    321      0    321      0    321     24
    322      8    322      0    322      0    322      0    322      0    322      0    322      0    322     17
    323      9    323      0    323      0    323      0    323      0    323      0    323      0    323     25
    324     11    324      0    324      0    324      0    324      0    324      0    324      0    324     21
    325      7    325      0    325      0    325      0    325      0    325      0    325      0    325     21
    326     15    326      0    326      0    326      0    326      0    326      0    326      0    326     16
    327     15    327      0    327      0    327      0    327      0    327      0    327      0    327     21
    328      8    328      0    328      0    328      0    328      0    328      0    328      0    328     19
    329      8    329      0    329      0    329      0    329      0    329      0    329      0    329     15
    330     10    330      0    330      0    330      0    330      0    330      0    330      0    330     18
    331      5    331      0    331      0    331      0    331      0    331      0    331      0    331     19
    332     13    332      0    332      0    332      0    332      0    332      0    332      0    332     13
    333      9    333      0    333      0    333      0    333      0    333      0    333      0    333     18
    334      6    334      0    334      0    334      0    334      0    334      0    334      0    334     21
    335      5    335      0    335      0    335      0    335      0    335      0    335      0    335     15
    336      9    336      0    336      0    336      0    336      0    336      0    336      0    336     32
    337      9    337      0    337      0    337      0    337      0    337      0    337      0    337     13
    338      4    338      0    338      0    338      0    338      0    338      0    338      0    338     17
    339      3    339      0    339      0    339      0    339      0    339      0    339      0    339     25
    340      8    340      0    340      0    340      0    340      0    340      0    340      0    340     12
    341      5    341      0    341      0    341      0    341      0    341      0    341      0    341     18
    342      3    342      0    342      0    342      0    342      0    342      0    342      0    342     14
    343      1    343      0    343      0    343      0    343      0    343      0    343      0    343     24
    344      6    344      0    344      0    344      0    344      0    344      0    344      0    344     10
    345     10    345      0    345      0    345      0    345      0    345      0    345      0    345     18
    346     10    346      0    346      0    346      0    346      0    346      0    346      0    346     19
    347      7    347      0    347      0    347      0    347      2    347      0    347      0    347     22
    348      6    348      0    348      0    348      0    348      0    348      0    348      0    348     13
    349      7    349      0    349      0    349      0    349      0    349      0    349      0    349     12
    350      7    350      0    350      0    350      0    350      0    350      0    350      0    350     17
    351      3    351      0    351      0    351      0    351      0    351      0    351      0    351     17
    352      1    352      0    352      0    352      0    352      1    352      0    352      0    352     14
    353      5    353      0    353      0    353      0    353      0    353      0    353      0    353     16
    354      5    354      0    354      0    354      0    354      0    354      0    354      0    354     14
    355      3    355      0    355      0    355      0    355      0    355      0    355      0    355     16
    356      3    356      0    356      0    356      0    356      0    356      0    356      0    356     10
    357      4    357      0    357      0    357      0    357      0    357      0    357      0    357     19
    358      5    358      0    358      0    358      0    358      0    358      0    358      0    358     12
    359      6    359      0    359      0    359      0    359      0    359      0    359      0    359     15
    360      0    360      0    360      0    360      0    360      0    360      0    360      0    360     15
    361      0    361      0    361      0    361      0    361      0    361      0    361      0    361     16
    362      1    362      0    362      0    362      0    362      0    362      0    362      0    362     19
    363      3    363      0    363      0    363      0    363      0    363      0    363      0    363     13
    364      2    364      0    364      0    364      0    364      0    364      0    364      0    364     15
    365      4    365      0    365      0    365      0    365      0    365      0    365      0    365     14
    366      5    366      0    366      0    366      0    366      0    366      0    366      0    366     18
    367      1    367      0    367      0    367      0    367      0    367      0    367      0    367     18
    368      2    368      0    368      0    368      0    368      0    368      0    368      0    368     22
    369      2    369      0    369      0    369      0    369      0    369      0    369      0    369      8
    370      0    370      0    370      0    370      0    370      0    370      0    370      0    370     13
    371      0    371      0    371      0    371      0    371      0    371      0    371      0    371     12
    372      4    372      0    372      0    372      0    372      0    372      0    372      0    372     11
    373      3    373      0    373      0    373      0    373      0    373      0    373      0    373     20
    374      1    374      0    374      0    374      0    374      0    374      0    374      0    374     17
    375      1    375      0    375      0    375      0    375      0    375      0    375      0    375     13
    376      2    376      0    376      0    376      0    376      0    376      0    376      0    376     14
    377      4    377      0    377      0    377      0    377      0    377      0    377      0    377     19
    378      2    378      0    378      0    378      0    378      0    378      0    378      0    378      2
    379      2    379      0    379      0    379      0    379      0    379      0    379      0    379      0
    380      1    380      0    380      0    380      0    380      0    380      0    380      0    380      0
    381      1    381      0    381      0    381      0    381      0    381      0    381      0    381      0
    382      1    382      0    382      0    382      0    382      0    382      0    382      0    382      0
    383      0    383      0    383      0    383      0    383      0    383      0    383      0    383      0
    384      3    384      0    384      0    384      0    384      0    384      0    384      0    384      0
    385      1    385      0    385      0    385      0    385      1    385      0    385      0    385      0
    386      4    386      0    386      0    386      0    386      0    386      0    386      0    386      0
    387      1    387      0    387      0    387      0    387      0    387      0    387      0    387      0
    388      0    388      0    388      0    388      0    388      0    388      0    388      0    388      0
    389      0    389      0    389      0    389      0    389      0    389      0    389      0    389      0
    390      1    390      0    390      0    390      0    390      0    390      0    390      0    390      0
    391      0    391      0    391      0    391      0    391      0    391      0    391      0    391      0
    392      0    392      0    392      0    392      0    392      0    392      0    392      0    392      0
    393      1    393      0    393      0    393      0    393      0    393      0    393      0    393      0
    394      0    394      0    394      0    394      0    394      0    394      0    394      0    394      0
    395      0    395      0    395      0    395      0    395      0    395      0    395      0    395      0
    396      1    396      0    396      0    396      0    396      0    396      0    396      0    396      0
    397      5    397      0    397      0    397      0    397      0    397      0    397      0    397      0
    398      0    398      0    398      0    398      0    398      0    398      0    398      0    398      0
    399      1    399      0    399      0    399      0    399      0    399      0    399      0    399      0
    400      0    400      0    400      0    400      0    400      0    400      0    400      0    400      0
    401      1    401      0    401      0    401      0    401      0    401      0    401      0    401      0
    402      1    402      0    402      0    402      0    402      0    402      0    402      0    402      0
    403      0    403      0    403      0    403      0    403      0    403      0    403      0    403      0
    404      0    404      0    404      0    404      0    404      0    404      0    404      0    404      0
    405      0    405      0    405      0    405      0    405      0    405      0    405      0    405      0
    406      0    406      0    406      0    406      0    406      0    406      0    406      0    406      0
    407      0    407      0    407      0    407      0    407      1    407      0    407      0    407      0
    408      1    408      0    408      0    408      0    408      0    408      0    408      0    408      0
    409      1    409      0    409      0    409      0    409      0    409      0    409      0    409      0
    410      0    410      0    410      0    410      0    410      0    410      0    410      0    410      0
    411      0    411      0    411      0    411      0    411      0    411      0    411      0    411      0
    412      0    412      0    412      0    412      0    412      0    412      0    412      0    412      0
    413      0    413      0    413      0    413      0    413      0    413      0    413      0    413      0
    414      0    414      0    414      0    414      0    414      0    414      0    414      0    414      0
    415      0    415      0    415      0    415      0    415      0    415      0    415      0    415      0
    416      0    416      0    416      0    416      0    416      0    416      0    416      0    416      0
    417      0    417      0    417      0    417      0    417      0    417      0    417      0    417      0
    418      0    418      0    418      0    418      0    418      0    418      0    418      0    418      0
    419      0    419      0    419      0    419      0    419      0    419      0    419      0    419      0
    420      0    420      0    420      0    420      0    420      0    420      0    420      0    420      0
    421      1    421      0    421      0    421      0    421      0    421      0    421      0    421      0
    422      1    422      0    422      0    422      0    422      0    422      0    422      0    422      0
    423      0    423      0    423      0    423      0    423      0    423      0    423      0    423      0
    424      0    424      0    424      0    424      0    424      0    424      0    424      0    424      0
    425      0    425      0    425      0    425      0    425      0    425      0    425      0    425      0
    426      0    426      0    426      0    426      0    426      0    426      0    426      0    426      0
    427      0    427      0    427      0    427      0    427      0    427      0    427      0    427      0
    428      0    428      0    428      0    428      0    428      0    428      0    428      0    428      0
    429      0    429      0    429      0    429      0    429      0    429      0    429      0    429      0
    430      0    430      0    430      0    430      0    430      0    430      0    430      0    430      0
    431      0    431      0    431      0    431      0    431      0    431      0    431      0    431      0
    432      0    432      0    432      0    432      0    432      0    432      0    432      0    432      0
    433      0    433      0    433      0    433      0    433      0    433      0    433      0    433      0
    434      0    434      0    434      0    434      0    434      0    434      0    434      0    434      0
    435      0    435      0    435      0    435      0    435      0    435      0    435      0    435      0
    436      0    436      0    436      0    436      0    436      0    436      0    436      0    436      0
    437      0    437      0    437      0    437      0    437      0    437      0    437      0    437      0
    438      0    438      0    438      0    438      0    438      0    438      0    438      0    438      0
    439      0    439      0    439      0    439      0    439      0    439      0    439      0    439      0
    440      0    440      0    440      0    440      0    440      0    440      0    440      0    440      0
    441      0    441      0    441      0    441      0    441      0    441      0    441      0    441      0
    442      0    442      0    442      0    442      0    442      0    442      0    442      0    442      0
    443      0    443      0    443      0    443      0    443      0    443      0    443      0    443      0
    444      0    444      0    444      0    444      0    444      0    444      0    444      0    444      0
    445      0    445      0    445      0    445      0    445      1    445      0    445      0    445      0
    446      0    446      0    446      0    446      0    446      0    446      0    446      0    446      0
    447      0    447      0    447      0    447      0    447      0    447      0    447      0    447      0
    448      0    448      0    448      0    448      0    448      0    448      0    448      0    448      0
    449      0    449      0    449      0    449      0    449      0    449      0    449      0    449      0
    450      0    450      0    450      0    450      0    450      0    450      0    450      0    450      0
    451      0    451      0    451      0    451      0    451      0    451      0    451      0    451      0
    452      0    452      0    452      0    452      0    452      1    452      0    452      0    452      0
    453      0    453      0    453      0    453      0    453      0    453      0    453      0    453      0
    454      0    454      0    454      0    454      0    454      2    454      0    454      0    454      0
    455      0    455      0    455      0    455      0    455      0    455      0    455      0    455      0
    456      0    456      0    456      0    456      0    456      0    456      0    456      0    456      0
    457      0    457      0    457      0    457      0    457      0    457      0    457      0    457      0
    458      0    458      0    458      0    458      0    458      0    458      0    458      0    458      0
    459      0    459      0    459      0    459      0    459      0    459      0    459      0    459      0
    460      0    460      0    460      0    460      0    460      0    460      0    460      0    460      0
    461      0    461      0    461      0    461      0    461      0    461      0    461      0    461      0
    462      0    462      0    462      0    462      0    462      0    462      0    462      0    462      0
    463      0    463      0    463      0    463      0    463      0    463      0    463      0    463      0
    464      0    464      0    464      0    464      0    464      0    464      0    464      0    464      0
    465      0    465      0    465      0    465      0    465      0    465      0    465      0    465      0
    466      0    466      0    466      0    466      0    466      0    466      0    466      0    466      0
    467      0    467      0    467      0    467      0    467      1    467      0    467      0    467      0
    468      0    468      0    468      0    468      0    468      0    468      0    468      0    468      0
    469      0    469      0    469      0    469      0    469      0    469      0    469      0    469      0
    470      0    470      0    470      0    470      0    470      0    470      0    470      0    470      0
    471      0    471      0    471      0    471      0    471      0    471      0    471      0    471      0
    472      0    472      0    472      0    472      0    472      1    472      0    472      0    472      0
    473      0    473      0    473      0    473      0    473      0    473      0    473      0    473      0
    474      0    474      0    474      0    474      0    474      0    474      0    474      0    474      0
    475      0    475      0    475      0    475      0    475      0    475      0    475      0    475      0
    476      0    476      0    476      0    476      0    476      0    476      0    476      0    476      0
    477      0    477      0    477      0    477      0    477      0    477      0    477      0    477      0
    478      0    478      0    478      0    478      0    478      0    478      0    478      0    478      0
    479      0    479      0    479      0    479      0    479      1    479      0    479      0    479      0
    480      0    480      0    480      0    480      0    480      0    480      0    480      0    480      0
    481      0    481      0    481      0    481      0    481      0    481      0    481      0    481      0
    482      0    482      0    482      0    482      0    482      0    482      0    482      0    482      0
    483      0    483      0    483      0    483      0    483      1    483      0    483      0    483      0
    484      0    484      0    484      0    484      0    484      0    484      0    484      0    484      0
    485      0    485      0    485      0    485      0    485      0    485      0    485      0    485      0
    486      0    486      0    486      0    486      0    486      0    486      0    486      0    486      0
    487      0    487      0    487      0    487      0    487      0    487      0    487      0    487      0
    488      0    488      0    488      0    488      0    488      2    488      0    488      0    488      0
    489      0    489      0    489      0    489      0    489      0    489      0    489      0    489      0
    490      0    490      0    490      0    490      0    490      0    490      0    490      0    490      0
    491      0    491      0    491      0    491      0    491      0    491      0    491      0    491      0
    492      0    492      0    492      0    492      0    492      0    492      0    492      0    492      0
    493      0    493      0    493      0    493      0    493      0    493      0    493      0    493      0
    494      0    494      0    494      0    494      0    494      0    494      0    494      0    494      0
    495      0    495      0    495      0    495      0    495      0    495      0    495      0    495      0
    496      0    496      0    496      0    496      0    496      0    496      0    496      0    496      0
    497      0    497      0    497      0    497      0    497      0    497      0    497      0    497      0
    498      0    498      0    498      0    498      0    498      0    498      0    498      0    498      0
    499      0    499      0    499      0    499      0    499      1    499      0    499      0    499      0
    500      0    500      0    500      0    500      0    500      0    500      0    500      0    500      0
    501      0    501      0    501      0    501      0    501      1    501      0    501      0    501      0
    502      0    502      0    502      0    502      0    502      0    502      0    502      0    502      0
    503      0    503      0    503      0    503      0    503      1    503      0    503      0    503      0
    504      0    504      0    504      0    504      0    504      0    504      0    504      0    504      0
    505      0    505      0    505      0    505      0    505      0    505      0    505      0    505      0
    506      0    506      0    506      0    506      0    506      0    506      0    506      0    506      0
    507      0    507      0    507      0    507      0    507      0    507      0    507      0    507      0
    508      0    508      0    508      0    508      0    508      0    508      0    508      0    508      0
    509      0    509      0    509      0    509      0    509      0    509      0    509      0    509      0
    510      0    510      0    510      0    510      0    510      0    510      0    510      0    510      0
    511      0    511      0    511      0    511      0    511      0    511      0    511      0    511      0
    512      0    512      0    512      0    512      0    512      0    512      0    512      0    512      0
