     0      0      0      0      0      0      0      0      0
    50      2      0      0      0      0      0      0      0
   100      4      0      0      0      0      0      0      2
   150      1      0      0      0      0      0      0      1
   200      4      0      0      0      0      0      0      1
   250     13      0      0      0      0      0      0      3
   300     19      0      0      0      0      0      0      7
   350     45      1      0      0      0      0      0     23
   400     49      0      0      0      0      0      0     45
   450    164      1      0      0      0      0      0    169
   500     98      1      0      0      0      0      0     74
   550     86      0      0      0      0      0      0    147
   600    100      0      0      0      0      0      0     87
   650    105      1      0      0      0      0      0     79
   700     89      0      0      0      0      0      0     44
   750     40      0      0      0      0      0      0     17
   800     79      0      0      0      0      0      0     19
   850    204      0      0      0      0      0      0    134
   900    363      3      0      0      0      0      0    223
   950    431      6      0      0      0      0      0    226
  1000    384      4      0      0      0      0      0    290
  1050    310      7      0      0      0      0      0    280
  1100    259      3      0      0      0      0      0    180
  1150    127      0      0      0      0      0      0     55
  1200     86      1      0      0      0      0      0     37
  1250     42      0      0      0      0      0      0     17
  1300     41      0      0      0      0      0      0      9
  1350     22      0      0      0      0      0      0     16
  1400     21      1      0      0      0      0      0      7
  1450     21      0      0      0      0      0      0      5
  1500     11      0      0      0      0      0      0      0
  1550     15      1      0      0      0      0      0      1
  1600      4      0      0      0      0      0      0      4
  1650      6      0      0      0      0      0      0      1
  1700      0      0      0      0      0      0      0      1
  1750      0      0      0      0      0      0      0      0
  1800      0      0      0      0      0      0      0      1
  1850      0      0      0      0      0      0      0      1
  1900      2      0      0      0      0      0      0      0
  1950      1      0      0      0      0      0      0      1
  2000      0      0      0      0      0      0      0      2
  2050      1      0      0      0      0      0      0      1
  2100      0      0      0      0      0      0      0      3
  2150      1      0      0      0      0      0      0      1
  2200      0      0      0      0      0      0      0      2
  2250      1      0      0      0      0      0      0      2
  2300      0      0      0      0      0      0      0      1
  2350      0      0      0      0      0      0      0      2
  2400      0      0      0      0      0      0      0      0
  2450      1      0      0      0      0      0      0      0
  2500      0      0      0      0      0      0      0      0
  2550      0      0      0      0      0      0      0      0
  2600      0      0      0      0      0      0      0      4
  2650      2      0      0      0      0      0      0      0
  2700     36      6      0      0      0      0      0    254
  2750    132     25      0      0      0      0      0    802
  2800    128     18      2      0      0      0      0    826
  2850    104     17      1      0      0      0      0    778
  2900     69     14      0      0      0      0      0    540
  2950      4      0      2      0      0      0      0     19
  3000      1      0      2      0      0      0      0      2
  3050      0      0      1      0      0      0      0      0
  3100      1      0      0      0      0      0      0      0
  3150      0      0      0      0      0      0      0      1
  3200      0      0      0      0      0      0      0      1
  3250      0      0      0      0      0      0      0      0
  3300      0      0      0      0      0      0      0      0
  3350      0      0      0      0      0      0      0      1
  3400      0      0      0      0      0      0      0      0
  3450      3      0      0      0      0      0      0      0
  3500      0      0      0      0      0      0      0      0
  3550      0      0      0      0      0      0      0      1
  3600      1      0      0      0      0      0      0      0
  3650      0      0      0      0      0      0      0      1
  3700     30      4      0      0      0      0      0    250
  3750    121     14      2      0      0      0      0    809
  3800    115     13      1      0      0      0      0    751
  3850    102     21      1      0      0      0      0    756
  3900     80     14      2      0      0      0      0    505
  3950      7      0      1      0      0      0      0     27
  4000      2      0      0      0      0      0      0      3
  4050      1      0      1      0      0      0      0      1
  4100      1      0      0      0      0      0      0      1
  4150      2      0      0      0      0      0      0      1
  4200      1      0      0      0      0      0      0      1
  4250      0      0      0      0      0      0      0      0
  4300      0      0      0      0      0      0      0      0
  4350      0      0      0      0      0      0      0      0
  4400      0      0      0      0      0      0      0      1
  4450      1      0      0      0      0      0      0      1
  4500      2      0      0      0      0      0      0      1
  4550      1      0      0      0      0      0      0      0
  4600      1      0      0      0      0      0      0      1
  4650      1      0      0      0      0      0      0      1
  4700     36      3      2      0      0      0      0    223
  4750    108     17      3      0      0      0      0    837
  4800    124     18      0      0      0      0      0    842
  4850    108     18      3      0      0      0      0    764
  4900     81     11      2      0      0      0      0    598
  4950      4      4      3      0      0      0      0     19
  5000      1      0      0      0      0      0      0      3
  5050      3      0      2      0      0      0      0      1
  5100      0      0      0      0      0      0      0      1
  5150      0      0      0      0      0      0      0      2
  5200      0      0      0      0      0      0      0      0
  5250      2      0      0      0      0      0      0      1
  5300      0      0      0      0      0      0      0      1
  5350      2      0      0      0      0      0      0      0
  5400      0      0      0      0      0      0      0      1
  5450      2      0      0      0      0      0      0      0
  5500      0      0      0      0      0      0      0      0
  5550      0      0      0      0      0      0      0      0
  5600      1      0      0      0      0      0      0      0
  5650      0      0      0      0      0      0      0      1
  5700     28      7      0      0      0      0      0    233
  5750    114     13      0      0      0      0      0    787
  5800    101      6      0      0      0      0      0    787
  5850    119     15      1      0      0      0      0    744
  5900     84      7      4      0      0      0      0    551
  5950      4      1      0      0      0      0      0     23
  6000     39      6      1      0      0      0      0    314
  6050    151     32      3      0      1      0      0   1188
  6100    186     22      4      0      0      0      0   1293
  6150    209     18      1      0      0      0      0   1395
  6200    179     35      8      0      0      0      0   1264
  6250    159     18      5      0      0      0      0   1238
  6300    145     29      2      0      0      0      0   1137
  6350    147     31      2      1      0      0      0   1111
  6400    161     20      2      0      0      0      0   1093
  6450    151     18      5      0      1      0      0   1065
  6500    217     34      7      0      0      0      0   1375
  6550    371     46      4      0      0      0      0   2304
  6600    372     52      4      0      1      0      0   2584
  6650    385     41      2      0      0      0      0   2738
  6700    414     60     10      0      1      0      0   3023
  6750    511     80     11      0      1      0      0   3630
  6800    553     85     11      1      1      0      0   3797
  6850    640     73     11      0      0      0      0   4075
  6900    544     83     30      0      2      1      0   3783
  6950    391     34      9      0      0      0      0   2551
  7000    340     35     14      0      0      0      0   2276
  7050    354     50      6      0      0      0      0   2433
  7100    348     52     10      1      0      0      0   2531
  7150    342     50      9      0      0      0      0   2569
  7200    362     34      4      0      1      0      0   2475
  7250    367     50      7      0      2      0      0   2525
  7300    325     35      7      0      1      0      0   2237
  7350    336     46      8      0      0      0      0   2284
  7400    356     48     11      0      1      0      0   2310
  7450    317     24      7      0      1      0      0   2277
  7500    321     52     11      0      0      0      0   2497
  7550    341     45      4      1      1      0      0   2685
  7600    339     53      9      0      0      0      0   2668
  7650    372     43      5      0      0      0      0   2666
  7700    434     57      9      0      3      0      0   2956
  7750    495     84     13      0      0      0      0   3533
  7800    564     84     19      0      2      0      0   3680
  7850    556     84     14      0      0      0      0   3961
  7900    556     95     16      0      1      0      0   3913
  7950    411     62      8      0      0      0      0   2914
  8000    291     49      8      0      0      0      0   2157
  8050    163     21      8      0      0      0      0   1230
  8100    161     38      5      0      0      0      0   1067
  8150    153     22      5      0      0      0      0   1132
  8200    189     21      0      0      0      0      0   1209
  8250    123     17      0      0      0      0      0    277
  8300      7      1      0      0      0      0      0      0
  8350      2      0      0      0      0      0      0      0
  8400      1      0      0      0      0      0      0      0
  8450      1      0      0      0      0      0      0      0
  8500      0      0      0      0      0      0      0      0
  8550      0      0      0      0      0      0      0      0
  8600      0      0      0      0      0      0      0      0
  8650      1      1      0      0      0      0      0      0
  8700      1      0      0      0      0      0      0      0
  8750      0      0      0      0      0      0      0      0
  8800      1      0      0      0      0      0      0      0
  8850      0      0      0      0      0      0      0      0
  8900      2      0      0      0      0      0      0      0
  8950      2      0      0      0      0      0      0      0
  9000      0      0      0      0      0      0      0      0
  9050      1      0      0      0      0      0      0      0
  9100      2      0      0      0      0      0      0      0
  9150      0      0      0      0      0      0      0      0
  9200      0      0      0      0      0      0      0      0
  9250      0      0      0      0      0      0      0      0
  9300      0      0      0      0      0      0      0      0
  9350      0      0      0      0      0      0      0      0
  9400      0      0      0      0      0      0      0      0
  9450      0      0      0      0      0      0      0      0
  9500      0      0      0      0      0      0      0      0
  9550      0      0      0      0      0      0      0      0
  9600      0      0      0      0      0      0      0      0
  9650      0      0      0      0      0      0      0      0
  9700      0      0      0      0      0      0      0      0
  9750      0      0      0      0      0      0      0      0
  9800      0      0      0      0      0      0      0      0
  9850      0      0      0      0      0      0      0      0
  9900      0      0      0      0      0      0      0      0
  9950      0      0      0      0      0      0      0      0
 10000      0      0      0      0      0      0      0      0
 10050      0      0      0      0      0      0      0      0
 10100      0      0      0      0      0      0      0      0
 10150      0      0      0      0      0      0      0      0
 10200      0      0      0      0      0      0      0      0
 10250      0      0      0      0      0      0      0      0
 10300      0      0      0      0      0      0      0      0
 10350      0      0      0      0      0      0      0      0
 10400      0      0      0      0      0      0      0      0
 10450      0      0      0      0      0      0      0      0
 10500      0      0      0      0      0      0      0      0
 10550      0      0      0      0      0      0      0      0
 10600      0      0      0      0      0      0      0      0
 10650      0      0      0      0      0      0      0      0
 10700      0      0      0      0      0      0      0      0
 10750      0      0      0      0      0      0      0      0
 10800      0      0      0      0      0      0      0      0
 10850      0      0      0      0      0      0      0      0
 10900      0      0      0      0      0      0      0      0
 10950      0      0      0      0      0      0      0      0
 11000      0      0      0      0      0      0      0      0
 11050      0      0      0      0      0      0      0      0
 11100      0      0      0      0      0      0      0      0
 11150      0      0      0      0      0      0      0      0
 11200      0      0      0      0      0      0      0      0
 11250      0      0      0      0      0      0      0      0
 11300      0      0      0      0      0      0      0      0
 11350      0      0      0      0      0      0      0      0
 11400      0      0      0      0      0      0      0      0
 11450      0      0      0      0      0      0      0      0
 11500      0      0      0      0      0      0      0      0
 11550      0      0      0      0      0      0      0      0
 11600      0      0      0      0      0      0      0      0
 11650      0      0      0      0      0      0      0      0
 11700      0      0      0      0      0      0      0      0
 11750      0      0      0      0      0      0      0      0
 11800      0      0      0      0      0      0      0      0
 11850      0      0      0      0      0      0      0      0
 11900      0      0      0      0      0      0      0      0
 11950      0      0      0      0      0      0      0      0
 12000      0      0      0      0      0      0      0      0
