     0      0      0      0      0      0      0      0      1
    50      1      0      0      0      0      0      0      0
   100      0      0      0      0      0      0      0      1
   150      0      0      0      0      0      0      0      5
   200      0      0      0      0      0      0      0      4
   250      1      0      0      0      0      0      0      4
   300      1      0      0      0      0      0      0      6
   350      2      0      0      0      0      0      0     14
   400      0      1      0      0      0      0      0     76
   450      0      0      0      0      0      0      0     38
   500      0      0      0      0      0      0      0     19
   550      1      0      0      0      0      0      0     29
   600      0      0      0      0      0      0      0     27
   650      2      0      0      0      0      0      0     55
   700      2      0      0      0      0      0      0     26
   750      0      0      0      0      0      0      0     14
   800      0      0      0      0      0      0      0     11
   850      0      0      0      0      0      0      0     60
   900      1      0      0      0      0      0      0    111
   950      0      0      0      0      0      0      0     97
  1000      3      0      0      0      0      0      0     92
  1050      0      0      0      0      0      0      0     76
  1100      4      0      0      0      0      0      0     44
  1150      3      0      0      0      0      0      0     45
  1200      2      0      0      0      0      0      0     28
  1250      2      0      0      0      0      0      0     34
  1300      2      0      0      0      0      0      0     27
  1350      2      0      0      0      0      0      0     27
  1400      2      0      0      0      0      0      0     47
  1450      2      0      0      0      0      0      0     36
  1500      5      0      0      0      0      0      0     33
  1550      4      0      0      0      0      0      0     43
  1600      0      1      0      0      0      0      0     59
  1650      0      0      0      0      0      0      0     97
  1700      4      4      0      0      0      0      0    114
  1750      5      4      0      0      0      0      0    111
  1800      2      3      0      0      0      0      0    210
  1850      7     10      0      0      0      0      0    294
  1900     31     10      0      0      0      0      0    532
  1950     35     20      0      0      0      0      0    589
  2000     65     38      0      0      0      0      0   1006
  2050     98     66      0      0      0      0      0    926
  2100    151     85      0      0      0      0      0    903
  2150    196    137      0      0      0      0      0    835
  2200    274    155      0      0      0      0      0   1159
  2250    338    214      0      0      0      0      0   1122
  2300    450    224      0      0      0      0      0   1346
  2350    508    242      0      0      0      0      0   1175
  2400    608    295      0      0      0      0      0   1342
  2450    669    304      0      0      0      0      0   1053
  2500    741    386      0      0      0      0      0   1256
  2550    842    407      0      0      0      0      0   1159
  2600    903    482      0      0      0      0      0   1329
  2650    991    500      0      0      0      0      0   1136
  2700   1091    491      0      0      0      0      0   1402
  2750   1146    570      0      0      0      0      0   1479
  2800   1305    616      0      0      0      0      0   1432
  2850   1380    752      0      0      0      0      0   1532
  2900   1481    764      0      0      0      0      0   1355
  2950   1555    721      0      0      0      0      0   1303
  3000   1695    855      0      0      0      0      0   1499
  3050   1769    868      0      0      0      0      0   1417
  3100   1850    916      0      0      0      0      0   1518
  3150   1833    923      0      0      0      0      0   1542
  3200   1968    937      0      0      0      0      0   1528
  3250   2032    927      0      0      0      0      0   1840
  3300   2158    988      0      0      0      0      0   1586
  3350   2108   1142      0      0      0      0      0   1579
  3400   2205   1142      0      0      0      0      0   1783
  3450   2234   1079      0      0      0      0      0   1525
  3500   2262   1163      0      0      0      0      0   1594
  3550   2288   1142      0      0      0      0      0   1952
  3600   2310   1156      0      0      0      0      0   1803
  3650   2397   1121      1      0      0      0      0   1865
  3700   2525   1144      1      0      0      0      0   1885
  3750   2492   1266      0      0      0      0      0   1774
  3800   2673   1179      0      0      0      0      0   1728
  3850   2638   1217      1      0      0      0      0   1805
  3900   2625   1288      0      0      0      0      0   1757
  3950   2635   1320      0      0      0      0      0   2088
  4000   2745   1273      0      0      0      0      0   1788
  4050   2772   1386      0      0      0      0      0   1771
  4100   2678   1344      0      0      0      0      0   1746
  4150   2730   1383      0      0      0      0      0   1948
  4200   2737   1336      0      0      0      0      0   1867
  4250   2774   1309      0      0      0      0      0   1742
  4300   2783   1380      0      0      0      0      0   1800
  4350   2798   1438      1      0      0      0      0   1843
  4400   2763   1389      0      0      0      0      0   1745
  4450   2768   1460      0      0      0      0      0   1909
  4500   2768   1436      0      0      0      0      0   1781
  4550   2750   1361      1      0      0      0      0   1760
  4600   2742   1501      0      0      0      0      0   1959
  4650   2727   1477      1      0      0      0      0   1935
  4700   2779   1442      0      0      0      0      0   1842
  4750   2698   1414      0      0      0      0      0   1944
  4800   2729   1501      0      0      0      0      0   1898
  4850   2727   1464      1      0      0      0      0   1926
  4900   2672   1420      1      0      0      0      0   1833
  4950   2635   1470      1      0      0      0      0   1986
  5000   2686   1511      0      0      0      0      0   1857
  5050   2650   1541      0      0      0      0      0   2005
  5100   2615   1480      0      0      0      0      0   1873
  5150   2595   1499      0      0      0      0      0   2117
  5200   2644   1497      1      0      0      0      0   1990
  5250   2596   1526      1      0      0      0      0   2034
  5300   2520   1456      1      0      0      0      0   1803
  5350   2579   1519      0      0      0      0      0   2109
  5400   2524   1548      1      0      0      0      0   1961
  5450   2578   1527      0      0      0      0      0   1964
  5500   2474   1506      0      0      0      0      0   2097
  5550   2608   1515      2      0      0      0      0   2115
  5600   2503   1603      0      0      0      0      0   1991
  5650   2440   1485      0      0      0      0      0   2266
  5700   2483   1582      0      0      0      0      0   2145
  5750   2440   1592      0      0      0      0      0   2185
  5800   2309   1644      0      0      0      0      0   2103
  5850   2457   1620      0      0      0      0      0   2166
  5900   2327   1562      0      0      0      0      0   2013
  5950   2439   1526      0      0      0      0      0   2006
  6000   2341   1637      2      0      0      0      0   2159
  6050   2443   1646      0      0      0      0      0   2320
  6100   2327   1624      0      0      0      0      0   2109
  6150   2370   1554      0      0      0      0      0   2121
  6200   2394   1497      0      0      0      0      0   2129
  6250   2298   1561      1      0      0      0      0   2157
  6300   2268   1646      0      0      0      0      0   2050
  6350   2235   1604      0      0      0      0      0   2034
  6400   2251   1683      0      0      0      0      0   2129
  6450   2337   1652      0      0      0      0      0   2302
  6500   2213   1663      0      0      0      0      0   2098
  6550   2275   1609      0      0      0      0      0   2059
  6600   2200   1548      0      0      0      0      0   2215
  6650   2126   1658      0      0      0      0      0   2009
  6700   2159   1632      0      0      0      0      0   2169
  6750   2249   1635      1      0      0      0      0   2020
  6800   2225   1655      0      0      0      0      0   2004
  6850   2279   1611      0      0      0      0      0   2256
  6900   2068   1616      0      0      0      0      0   2289
  6950   2010   1742      0      0      0      0      0   2234
  7000   2210   1568      1      0      0      0      0   2037
  7050   2236   1607      0      0      0      0      0   1877
  7100   2189   1680      0      0      0      0      0   2165
  7150   2128   1567      0      0      0      0      0   2200
  7200   2062   1659      1      0      0      0      0   2609
  7250   2068   1603      0      0      0      0      0   2526
  7300   2077   1595      0      0      0      0      0   2732
  7350   2094   1565      1      0      0      0      0   2683
  7400   2071   1652      0      0      0      0      0   2749
  7450   2085   1574      1      0      0      0      0   2596
  7500   2062   1592      2      0      0      0      0   2940
  7550   1973   1645      0      0      0      0      0   2749
  7600   1978   1642      1      0      0      0      0   3060
  7650   1999   1597      1      0      0      0      0   2933
  7700   2015   1725      0      0      0      0      0   2784
  7750   1988   1728      0      0      0      0      0   3035
  7800   2023   1681      0      0      0      0      0   3145
  7850   2087   1665      0      0      0      0      0   2990
  7900   1965   1702      0      0      0      0      0   3210
  7950   1897   1596      0      0      0      0      0   2981
  8000   1953   1726      0      0      0      0      0   3232
  8050   1764   1582      0      0      0      0      0   3261
  8100   1836   1623      0      0      0      0      0   3317
  8150   1860   1739      0      0      0      0      0   3239
  8200   1880   1739      0      0      0      0      0   3473
  8250   1672   1662      0      0      0      0      0   3126
  8300   1756   1756      0      0      0      0      0   3051
  8350   1694   1700      0      0      0      0      0   3193
  8400   1646   1793      0      0      0      0      0   2889
  8450   1829   1673      0      0      0      0      0   2725
  8500   1744   1760      1      0      0      0      0   2886
  8550   1635   1707      0      0      0      0      0   2600
  8600   2013   1614      1      0      0      0      0   2827
  8650   2511   1547      0      0      0      0      0   2980
  8700   2658   1268      0      0      0      0      0   3135
  8750   2183    981      0      0      0      0      0   2572
  8800   1703    764      0      0      0      0      0   2713
  8850   1094    409      0      0      0      0      0   1708
  8900    674    241      0      0      0      0      0   1295
  8950    423    175      0      0      0      0      0    847
  9000    353    119      0      0      0      0      0    837
  9050    279     64      0      0      0      0      0    535
  9100    267     55      0      0      0      0      0    615
  9150    288     59      0      0      0      0      0    774
  9200    320     71      0      0      0      0      0    904
  9250    309     73      0      0      0      0      0    947
  9300    252     53      0      0      0      0      0    868
  9350    240     63      0      0      0      0      0    752
  9400    210     52      0      0      0      0      0    679
  9450    218     41      0      0      0      0      0    669
  9500    165     36      0      0      0      0      0    531
  9550    126     28      0      0      0      0      0    423
  9600    122     29      0      0      0      0      0    197
  9650     86     14      0      0      0      0      0    158
  9700     78     14      0      0      0      0      0    121
  9750     49      8      0      0      0      0      0    107
  9800     35     14      0      0      0      0      0     62
  9850     42      1      0      0      0      0      0     50
  9900     30      3      0      0      0      0      0     21
  9950     21      3      0      0      0      0      0     28
 10000     16      3      0      0      0      0      0      4
 10050     16      1      0      0      0      0      0      7
 10100      6      3      0      0      0      0      0     19
 10150     25     14      0      0      0      0      0    183
 10200      0      0      0      0      0      0      0      0
 10250      0      0      0      0      0      0      0      0
 10300      0      0      0      0      0      0      0      0
 10350      0      0      0      0      0      0      0      0
 10400      0      0      0      0      0      0      0      0
 10450      0      0      0      0      0      0      0      0
 10500      0      0      0      0      0      0      0      0
 10550      0      0      0      0      0      0      0      0
 10600      0      0      0      0      0      0      0      0
 10650      0      0      0      0      0      0      0      0
 10700      0      0      0      0      0      0      0      0
 10750      0      0      0      0      0      0      0      0
 10800      0      0      0      0      0      0      0      0
 10850      0      0      0      0      0      0      0      0
 10900      0      0      0      0      0      0      0      0
 10950      0      0      0      0      0      0      0      0
 11000      0      0      0      0      0      0      0      0
