      1      0      1      0      1      0      1      0      1      0      1      0      1      0      1      0
      2      0      2      0      2      0      2      0      2      0      2      0      2      0      2      0
      3      0      3      0      3      0      3      0      3      0      3      0      3      0      3      0
      4      0      4      0      4      0      4      0      4      0      4      0      4      0      4      0
      5      0      5      0      5      0      5      0      5      0      5      0      5      0      5      0
      6      0      6    417      6      0      6      0      6      0      6      0      6      0      6      0
      7      0      7    445      7      0      7      0      7      0      7      0      7      0      7      0
      8      0      8    439      8      0      8      0      8      0      8      0      8      0      8      0
      9      0      9    490      9      0      9      0      9      0      9      0      9      0      9      0
     10      0     10    533     10      0     10      0     10      0     10      0     10      0     10      0
     11      0     11    599     11      0     11      0     11      0     11      0     11      0     11      0
     12      0     12    678     12      0     12      0     12      0     12      0     12      0     12      0
     13      0     13    736     13      0     13      0     13      0     13      0     13      0     13      0
     14      0     14    765     14      0     14      0     14      0     14      0     14      0     14      0
     15      0     15    863     15      0     15      0     15      0     15      0     15      0     15      0
     16      0     16    903     16     14     16      0     16      0     16      0     16      0     16      1
     17      0     17    961     17      9     17      0     17      0     17      0     17      0     17     15
     18      0     18   1054     18      1     18      0     18      0     18      0     18      0     18     34
     19      0     19   1082     19      3     19      0     19      0     19      0     19      0     19     43
     20      0     20   1188     20      2     20      0     20      0     20      0     20      0     20     44
     21      0     21   1284     21      0     21      0     21      0     21      0     21      0     21     89
     22      0     22   1387     22      0     22      0     22      0     22      0     22      0     22    155
     23      0     23   1503     23      0     23      0     23      0     23      0     23      0     23    346
     24      0     24   1591     24      0     24      0     24      0     24      0     24      0     24    765
     25      1     25   1714     25      0     25      0     25      0     25      0     25      0     25   1521
     26      0     26   1793     26      0     26      0     26      0     26      0     26      0     26   2467
     27      0     27   1957     27      0     27      0     27      0     27      0     27      0     27   3532
     28      2     28   2163     28      0     28      0     28      0     28      0     28      0     28   4698
     29      1     29   2272     29      0     29      0     29      0     29      0     29      0     29   5760
     30      0     30   2426     30      0     30      0     30      0     30      0     30      0     30   6382
     31      0     31   2580     31      0     31      0     31      0     31      0     31      0     31   7014
     32      1     32   2707     32      0     32      0     32      0     32      0     32      0     32   7252
     33      0     33   2911     33      0     33      0     33      0     33      0     33      0     33   7242
     34      1     34   3013     34      0     34      0     34      0     34      0     34      0     34   7150
     35      1     35   3123     35      0     35      0     35      0     35      0     35      0     35   6840
     36      1     36   3154     36      0     36      0     36      0     36      0     36      0     36   6741
     37      1     37   3243     37      0     37      0     37      0     37      0     37      0     37   6381
     38      0     38   3250     38      0     38      0     38      0     38      0     38      0     38   6048
     39      2     39   3232     39      0     39      0     39      0     39      0     39      0     39   5648
     40      2     40   3179     40      0     40      0     40      0     40      0     40      0     40   5475
     41      9     41   3016     41      0     41      0     41      0     41      0     41      0     41   5149
     42      8     42   2981     42      0     42      0     42      0     42      0     42      0     42   4999
     43     15     43   2931     43      0     43      0     43      0     43      0     43      0     43   4585
     44     29     44   2736     44      0     44      0     44      0     44      0     44      0     44   4307
     45     45     45   2656     45      0     45      0     45      0     45      0     45      0     45   4171
     46     84     46   2525     46      0     46      0     46      0     46      0     46      0     46   3995
     47    130     47   2380     47      0     47      0     47      0     47      0     47      0     47   3830
     48    273     48   2224     48      0     48      0     48      0     48      0     48      0     48   3775
     49    509     49   2052     49      0     49      0     49      0     49      0     49      0     49   3630
     50    739     50   2024     50      0     50      0     50      0     50      0     50      0     50   3565
     51   1146     51   1961     51      0     51      0     51      0     51      0     51      0     51   3380
     52   1467     52   1823     52      0     52      0     52      0     52      0     52      0     52   3340
     53   1939     53   1793     53      0     53      0     53      0     53      0     53      0     53   3307
     54   2342     54   1675     54      0     54      0     54      0     54      0     54      0     54   3193
     55   2710     55   1720     55      0     55      0     55      0     55      0     55      0     55   3061
     56   3124     56   1468     56      0     56      0     56      0     56      0     56      0     56   3054
     57   3358     57   1411     57      0     57      0     57      0     57      0     57      0     57   2783
     58   3836     58   1362     58      0     58      0     58      0     58      0     58      0     58   2872
     59   3999     59   1241     59      0     59      0     59      0     59      0     59      0     59   2618
     60   4293     60   1189     60      0     60      0     60      0     60      0     60      0     60   2566
     61   4440     61   1184     61      0     61      0     61      0     61      0     61      0     61   2471
     62   4683     62   1148     62      0     62      0     62      0     62      0     62      0     62   2313
     63   4783     63   1093     63      0     63      0     63      0     63      0     63      0     63   2312
     64   4952     64   1054     64      0     64      0     64      0     64      0     64      0     64   2245
     65   5059     65   1034     65      0     65      0     65      0     65      0     65      0     65   2242
     66   5147     66    905     66      0     66      0     66      0     66      0     66      0     66   2213
     67   5044     67    976     67      0     67      0     67      0     67      0     67      0     67   2162
     68   5387     68    894     68      0     68      0     68      0     68      0     68      0     68   2146
     69   5257     69    842     69      0     69      0     69      0     69      0     69      0     69   2035
     70   5168     70    802     70      0     70      0     70      0     70      0     70      0     70   2039
     71   5178     71    743     71      0     71      0     71      0     71      0     71      0     71   1976
     72   5204     72    769     72      0     72      0     72      0     72      0     72      0     72   1907
     73   5071     73    697     73      0     73      0     73      0     73      0     73      0     73   1827
     74   4870     74    727     74      0     74      0     74      0     74      0     74      0     74   1749
     75   5075     75    664     75      0     75      0     75      0     75      0     75      0     75   1824
     76   4765     76    566     76      0     76      0     76      0     76      0     76      0     76   1616
     77   4892     77    582     77      0     77      0     77      0     77      0     77      0     77   1589
     78   4875     78    577     78      0     78      0     78      0     78      0     78      0     78   1588
     79   4588     79    559     79      0     79      0     79      0     79      0     79      0     79   1498
     80   4659     80    556     80      0     80      0     80      0     80      0     80      0     80   1490
     81   4596     81    529     81      0     81      0     81      0     81      0     81      0     81   1326
     82   4445     82    492     82      0     82      0     82      0     82      0     82      0     82   1419
     83   4431     83    444     83      0     83      0     83      0     83      0     83      0     83   1349
     84   4326     84    441     84      0     84      0     84      0     84      0     84      0     84   1308
     85   4169     85    483     85      0     85      0     85      0     85      0     85      0     85   1228
     86   4141     86    429     86      0     86      0     86      0     86      0     86      0     86   1187
     87   4065     87    414     87      0     87      0     87      0     87      0     87      0     87   1174
     88   3999     88    373     88      0     88      0     88      0     88      0     88      0     88   1078
     89   3771     89    346     89      0     89      0     89      0     89      0     89      0     89   1057
     90   3783     90    355     90      0     90      0     90      0     90      0     90      0     90   1114
     91   3722     91    358     91      0     91      0     91      0     91      0     91      0     91   1036
     92   3596     92    335     92      0     92      0     92      0     92      0     92      0     92    956
     93   3489     93    299     93      0     93      0     93      0     93      0     93      0     93    988
     94   3345     94    279     94      0     94      0     94      0     94      0     94      0     94    919
     95   3336     95    282     95      0     95      0     95      0     95      0     95      0     95    842
     96   3121     96    279     96      0     96      0     96      0     96      0     96      0     96    814
     97   3181     97    252     97      0     97      0     97      0     97      0     97      0     97    750
     98   3079     98    263     98      0     98      0     98      0     98      0     98      0     98    770
     99   2917     99    240     99      0     99      0     99      0     99      0     99      0     99    735
    100   2975    100    236    100      0    100      0    100      0    100      0    100      0    100    762
    101   2809    101    206    101      0    101      0    101      0    101      0    101      0    101    687
    102   2705    102    219    102      0    102      0    102      0    102      0    102      0    102    650
    103   2667    103    230    103      0    103      0    103      0    103      0    103      0    103    576
    104   2553    104    206    104      0    104      0    104      0    104      0    104      0    104    614
    105   2499    105    212    105      0    105      0    105      0    105      0    105      0    105    569
    106   2401    106    182    106      0    106      0    106      0    106      0    106      0    106    555
    107   2339    107    188    107      0    107      0    107      0    107      0    107      0    107    531
    108   2305    108    172    108      0    108      0    108      0    108      0    108      0    108    539
    109   2244    109    176    109      0    109      0    109      0    109      0    109      0    109    527
    110   2178    110    152    110      0    110      0    110      0    110      0    110      0    110    497
    111   2012    111    159    111      0    111      0    111      0    111      0    111      0    111    507
    112   2037    112    155    112      0    112      0    112      0    112      0    112      0    112    477
    113   1999    113    152    113      0    113      0    113      0    113      0    113      0    113    445
    114   1981    114    152    114      0    114      0    114      0    114      0    114      0    114    458
    115   1877    115    129    115      0    115      0    115      0    115      0    115      0    115    391
    116   1769    116    150    116      0    116      0    116      0    116      0    116      0    116    398
    117   1717    117    115    117      0    117      0    117      0    117      0    117      0    117    387
    118   1774    118    123    118      0    118      0    118      0    118      0    118      0    118    334
    119   1671    119    133    119      0    119      0    119      0    119      0    119      0    119    373
    120   1573    120     94    120      0    120      0    120      0    120      0    120      0    120    357
    121   1565    121    106    121      0    121      0    121      0    121      0    121      0    121    307
    122   1385    122    107    122      0    122      0    122      0    122      0    122      0    122    305
    123   1343    123     90    123      0    123      0    123      0    123      0    123      0    123    362
    124   1408    124     98    124      0    124      0    124      0    124      0    124      0    124    311
    125   1374    125    107    125      0    125      0    125      0    125      0    125      0    125    310
    126   1339    126     68    126      0    126      0    126      0    126      0    126      0    126    277
    127   1176    127     79    127      0    127      0    127      0    127      0    127      0    127    289
    128   1212    128     70    128      0    128      0    128      0    128      0    128      0    128    256
    129   1231    129     82    129      0    129      0    129      0    129      0    129      0    129    246
    130   1123    130     84    130      0    130      0    130      0    130      0    130      0    130    240
    131   1102    131     81    131      0    131      0    131      0    131      0    131      0    131    248
    132   1088    132     68    132      0    132      0    132      0    132      0    132      0    132    228
    133   1046    133     68    133      0    133      0    133      0    133      0    133      0    133    217
    134    914    134     68    134      0    134      0    134      0    134      0    134      0    134    244
    135    989    135     66    135      0    135      0    135      0    135      0    135      0    135    189
    136    923    136     66    136      0    136      0    136      0    136      0    136      0    136    219
    137    907    137     58    137      0    137      0    137      0    137      0    137      0    137    237
    138    835    138     51    138      0    138      0    138      0    138      0    138      0    138    206
    139    857    139     61    139      0    139      0    139      0    139      0    139      0    139    187
    140    818    140     45    140      0    140      0    140      0    140      0    140      0    140    184
    141    791    141     50    141      0    141      0    141      0    141      0    141      0    141    169
    142    781    142     60    142      0    142      0    142      0    142      0    142      0    142    162
    143    712    143     46    143      0    143      0    143      0    143      0    143      0    143    162
    144    717    144     34    144      0    144      0    144      0    144      0    144      0    144    160
    145    667    145     48    145      0    145      0    145      0    145      0    145      0    145    196
    146    656    146     44    146      0    146      0    146      0    146      0    146      0    146    170
    147    593    147     39    147      0    147      0    147      0    147      0    147      0    147    155
    148    592    148     52    148      0    148      0    148      0    148      0    148      0    148    158
    149    553    149     44    149      0    149      0    149      0    149      0    149      0    149    164
    150    573    150     50    150      0    150      0    150      0    150      0    150      0    150    146
    151    550    151     26    151      0    151      0    151      0    151      0    151      0    151    154
    152    556    152     40    152      0    152      0    152      0    152      0    152      0    152    160
    153    536    153     47    153      0    153      0    153      0    153      0    153      0    153    171
    154    478    154      0    154      0    154      0    154      0    154      0    154      0    154    152
    155    468    155      0    155      0    155      0    155      0    155      0    155      0    155    116
    156    423    156      0    156      0    156      0    156      0    156      0    156      0    156    124
    157    417    157      0    157      0    157      0    157      0    157      0    157      0    157    146
    158    417    158      0    158      0    158      0    158      0    158      0    158      0    158    119
    159    402    159      0    159      0    159      0    159      0    159      0    159      0    159    125
    160    374    160      0    160      0    160      0    160      0    160      0    160      0    160    120
    161    352    161      0    161      0    161      0    161      0    161      0    161      0    161    109
    162    327    162      0    162      0    162      0    162      0    162      0    162      0    162    109
    163    316    163      0    163      0    163      0    163      0    163      0    163      0    163    123
    164    328    164      0    164      0    164      0    164      0    164      0    164      0    164    103
    165    315    165      0    165      0    165      0    165      0    165      0    165      0    165    118
    166    290    166      0    166      0    166      0    166      0    166      0    166      0    166    112
    167    295    167      0    167      0    167      0    167      0    167      0    167      0    167    114
    168    248    168      0    168      0    168      0    168      0    168      0    168      0    168    105
    169    260    169      0    169      0    169      0    169      0    169      0    169      0    169    104
    170    259    170      0    170      0    170      0    170      0    170      0    170      0    170     97
    171    227    171      0    171      0    171      0    171      0    171      0    171      0    171    107
    172    217    172      0    172      0    172      0    172      0    172      0    172      0    172     86
    173    202    173      0    173      0    173      0    173      0    173      0    173      0    173    109
    174    210    174      0    174      0    174      0    174      0    174      0    174      0    174    104
    175    210    175      0    175      0    175      0    175      0    175      0    175      0    175     84
    176    196    176      0    176      0    176      0    176      0    176      0    176      0    176     82
    177    208    177      0    177      0    177      0    177      0    177      0    177      0    177    111
    178    201    178      0    178      0    178      0    178      0    178      0    178      0    178    104
    179    145    179      0    179      0    179      0    179      0    179      0    179      0    179     99
    180    176    180      0    180      0    180      0    180      0    180      0    180      0    180     99
    181    142    181      0    181      0    181      0    181      0    181      0    181      0    181     97
    182    162    182      0    182      0    182      0    182      0    182      0    182      0    182     90
    183    146    183      0    183      0    183      0    183      0    183      0    183      0    183    102
    184    147    184      0    184      0    184      0    184      0    184      0    184      0    184    102
    185    138    185      0    185      0    185      0    185      0    185      0    185      0    185     80
    186    154    186      0    186      0    186      0    186      0    186      0    186      0    186     89
    187    113    187      0    187      0    187      0    187      0    187      0    187      0    187     86
    188    116    188      0    188      0    188      0    188      0    188      0    188      0    188     97
    189    107    189      0    189      0    189      0    189      0    189      0    189      0    189     81
    190     98    190      0    190      0    190      0    190      0    190      0    190      0    190     94
    191    108    191      0    191      0    191      0    191      0    191      0    191      0    191     94
    192     98    192      0    192      0    192      0    192      0    192      0    192      0    192     79
    193     88    193      0    193      0    193      0    193      0    193      0    193      0    193     92
    194     85    194      0    194      0    194      0    194      0    194      0    194      0    194     87
    195     64    195      0    195      0    195      0    195      0    195      0    195      0    195     69
    196     83    196      0    196      0    196      0    196      0    196      0    196      0    196     81
    197     73    197      0    197      0    197      0    197      0    197      0    197      0    197     66
    198     90    198      0    198      0    198      0    198      0    198      0    198      0    198     86
    199     65    199      0    199      0    199      0    199      0    199      0    199      0    199     79
    200     77    200      0    200      0    200      0    200      0    200      0    200      0    200     81
    201     80    201      0    201      0    201      0    201      0    201      0    201      0    201     66
    202     60    202      0    202      0    202      0    202      0    202      0    202      0    202     71
    203     56    203      0    203      0    203      0    203      0    203      0    203      0    203     83
    204     61    204      0    204      0    204      0    204      0    204      0    204      0    204     57
    205     53    205      0    205      0    205      0    205      0    205      0    205      0    205     67
    206     52    206      0    206      0    206      0    206      0    206      0    206      0    206     58
    207     49    207      0    207      0    207      0    207      0    207      0    207      0    207     82
    208     57    208      0    208      0    208      0    208      0    208      0    208      0    208     68
    209     43    209      0    209      0    209      0    209      0    209      0    209      0    209     66
    210     41    210      0    210      0    210      0    210      0    210      0    210      0    210     72
    211     43    211      0    211      0    211      0    211      0    211      0    211      0    211     74
    212     40    212      0    212      0    212      0    212      0    212      0    212      0    212     69
    213     33    213      0    213      0    213      0    213      0    213      0    213      0    213     78
    214     33    214      0    214      0    214      0    214      0    214      0    214      0    214     84
    215     46    215      0    215      0    215      0    215      0    215      0    215      0    215     77
    216     38    216      0    216      0    216      0    216      0    216      0    216      0    216     65
    217     33    217      0    217      0    217      0    217      0    217      0    217      0    217     65
    218     28    218      0    218      0    218      0    218      0    218      0    218      0    218     78
    219     35    219      0    219      0    219      0    219      0    219      0    219      0    219     72
    220     28    220      0    220      0    220      0    220      0    220      0    220      0    220     63
    221     24    221      0    221      0    221      0    221      0    221      0    221      0    221     60
    222     24    222      0    222      0    222      0    222      0    222      0    222      0    222     74
    223     23    223      0    223      0    223      0    223      0    223      0    223      0    223     53
    224     21    224      0    224      0    224      0    224      0    224      0    224      0    224     52
    225     16    225      0    225      0    225      0    225      0    225      0    225      0    225     50
    226     25    226      0    226      0    226      0    226      0    226      0    226      0    226     55
    227     24    227      0    227      0    227      0    227      0    227      0    227      0    227     71
    228     14    228      0    228      0    228      0    228      0    228      0    228      0    228     61
    229     17    229      0    229      0    229      0    229      0    229      0    229      0    229     60
    230     14    230      0    230      0    230      0    230      0    230      0    230      0    230     66
    231     15    231      0    231      0    231      0    231      0    231      0    231      0    231     50
    232     15    232      0    232      0    232      0    232      0    232      0    232      0    232     48
    233     17    233      0    233      0    233      0    233      0    233      0    233      0    233     60
    234     10    234      0    234      0    234      0    234      0    234      0    234      0    234     55
    235      8    235      0    235      0    235      0    235      0    235      0    235      0    235     62
    236     15    236      0    236      0    236      0    236      0    236      0    236      0    236     54
    237     13    237      0    237      0    237      0    237      0    237      0    237      0    237     41
    238     11    238      0    238      0    238      0    238      0    238      0    238      0    238     40
    239     10    239      0    239      0    239      0    239      0    239      0    239      0    239     65
    240     10    240      0    240      0    240      0    240      0    240      0    240      0    240     51
    241      7    241      0    241      0    241      0    241      0    241      0    241      0    241     41
    242     10    242      0    242      0    242      0    242      0    242      0    242      0    242     45
    243      5    243      0    243      0    243      0    243      0    243      0    243      0    243     50
    244     10    244      0    244      0    244      0    244      0    244      0    244      0    244     43
    245     16    245      0    245      0    245      0    245      0    245      0    245      0    245     46
    246      5    246      0    246      0    246      0    246      0    246      0    246      0    246     50
    247     11    247      0    247      0    247      0    247      0    247      0    247      0    247     57
    248      9    248      0    248      0    248      0    248      0    248      0    248      0    248     44
    249      3    249      0    249      0    249      0    249      0    249      0    249      0    249     48
    250      8    250      0    250      0    250      0    250      0    250      0    250      0    250     32
    251      5    251      0    251      0    251      0    251      0    251      0    251      0    251     61
    252      8    252      0    252      0    252      0    252      0    252      0    252      0    252     39
    253     11    253      0    253      0    253      0    253      0    253      0    253      0    253     50
    254      3    254      0    254      0    254      0    254      0    254      0    254      0    254     44
    255      4    255      0    255      0    255      0    255      0    255      0    255      0    255     50
    256      3    256      0    256      0    256      0    256      0    256      0    256      0    256     51
    257      3    257      0    257      0    257      0    257      0    257      0    257      0    257     42
    258      4    258      0    258      0    258      0    258      0    258      0    258      0    258     46
    259      2    259      0    259      0    259      0    259      0    259      0    259      0    259     34
    260      5    260      0    260      0    260      0    260      0    260      0    260      0    260     44
    261      0    261      0    261      0    261      0    261      0    261      0    261      0    261     43
    262      4    262      0    262      0    262      0    262      0    262      0    262      0    262     36
    263      3    263      0    263      0    263      0    263      0    263      0    263      0    263     49
    264      5    264      0    264      0    264      0    264      0    264      0    264      0    264     45
    265      1    265      0    265      0    265      0    265      0    265      0    265      0    265     45
    266      1    266      0    266      0    266      0    266      0    266      0    266      0    266     49
    267      2    267      0    267      0    267      0    267      0    267      0    267      0    267     34
    268      1    268      0    268      0    268      0    268      0    268      0    268      0    268     54
    269      3    269      0    269      0    269      0    269      0    269      0    269      0    269     36
    270      2    270      0    270      0    270      0    270      0    270      0    270      0    270     45
    271      2    271      0    271      0    271      0    271      0    271      0    271      0    271     40
    272      2    272      0    272      0    272      0    272      0    272      0    272      0    272     47
    273      0    273      0    273      0    273      0    273      0    273      0    273      0    273     39
    274      1    274      0    274      0    274      0    274      0    274      0    274      0    274     45
    275      2    275      0    275      0    275      0    275      0    275      0    275      0    275     41
    276      4    276      0    276      0    276      0    276      0    276      0    276      0    276     27
    277      2    277      0    277      0    277      0    277      0    277      0    277      0    277     31
    278      3    278      0    278      0    278      0    278      0    278      0    278      0    278     39
    279      3    279      0    279      0    279      0    279      0    279      0    279      0    279     37
    280      0    280      0    280      0    280      0    280      0    280      0    280      0    280     52
    281      3    281      0    281      0    281      0    281      0    281      0    281      0    281     41
    282      1    282      0    282      0    282      0    282      0    282      0    282      0    282     33
    283      1    283      0    283      0    283      0    283      0    283      0    283      0    283     30
    284      2    284      0    284      0    284      0    284      0    284      0    284      0    284     32
    285      1    285      0    285      0    285      0    285      0    285      0    285      0    285     34
    286      0    286      0    286      0    286      0    286      0    286      0    286      0    286     37
    287      0    287      0    287      0    287      0    287      0    287      0    287      0    287     24
    288      0    288      0    288      0    288      0    288      0    288      0    288      0    288     39
    289      0    289      0    289      0    289      0    289      0    289      0    289      0    289     30
    290      0    290      0    290      0    290      0    290      0    290      0    290      0    290     30
    291      0    291      0    291      0    291      0    291      0    291      0    291      0    291     31
    292      0    292      0    292      0    292      0    292      0    292      0    292      0    292     23
    293      0    293      0    293      0    293      0    293      0    293      0    293      0    293     33
    294      0    294      0    294      0    294      0    294      0    294      0    294      0    294     31
    295      1    295      0    295      0    295      0    295      0    295      0    295      0    295     25
    296      1    296      0    296      0    296      0    296      0    296      0    296      0    296     38
    297      1    297      0    297      0    297      0    297      0    297      0    297      0    297     33
    298      1    298      0    298      0    298      0    298      0    298      0    298      0    298     31
    299      0    299      0    299      0    299      0    299      0    299      0    299      0    299     44
    300      0    300      0    300      0    300      0    300      0    300      0    300      0    300     44
    301      0    301      0    301      0    301      0    301      0    301      0    301      0    301     38
    302      0    302      0    302      0    302      0    302      0    302      0    302      0    302     29
    303      0    303      0    303      0    303      0    303      0    303      0    303      0    303     25
    304      1    304      0    304      0    304      0    304      0    304      0    304      0    304     42
    305      0    305      0    305      0    305      0    305      0    305      0    305      0    305     18
    306      0    306      0    306      0    306      0    306      0    306      0    306      0    306     28
    307      0    307      0    307      0    307      0    307      0    307      0    307      0    307     30
    308      0    308      0    308      0    308      0    308      0    308      0    308      0    308     36
    309      0    309      0    309      0    309      0    309      0    309      0    309      0    309     21
    310      0    310      0    310      0    310      0    310      0    310      0    310      0    310     26
    311      0    311      0    311      0    311      0    311      0    311      0    311      0    311     37
    312      0    312      0    312      0    312      0    312      0    312      0    312      0    312     34
    313      0    313      0    313      0    313      0    313      0    313      0    313      0    313     31
    314      0    314      0    314      0    314      0    314      0    314      0    314      0    314     23
    315      0    315      0    315      0    315      0    315      0    315      0    315      0    315     20
    316      1    316      0    316      0    316      0    316      0    316      0    316      0    316    566
    317      0    317      0    317      0    317      0    317      0    317      0    317      0    317    989
    318      0    318      0    318      0    318      0    318      0    318      0    318      0    318    984
    319      0    319      0    319      0    319      0    319      0    319      0    319      0    319    934
    320      1    320      0    320      0    320      0    320      0    320      0    320      0    320    958
    321      0    321      0    321      0    321      0    321      0    321      0    321      0    321    942
    322      0    322      0    322      0    322      0    322      0    322      0    322      0    322    986
    323      0    323      0    323      0    323      0    323      0    323      0    323      0    323    957
    324      0    324      0    324      0    324      0    324      0    324      0    324      0    324    871
    325      0    325      0    325      0    325      0    325      0    325      0    325      0    325    939
    326      0    326      0    326      0    326      0    326      0    326      0    326      0    326    990
    327      0    327      0    327      0    327      0    327      0    327      0    327      0    327    921
    328      0    328      0    328      0    328      0    328      0    328      0    328      0    328    898
    329      0    329      0    329      0    329      0    329      0    329      0    329      0    329    903
    330      1    330      0    330      0    330      0    330      0    330      0    330      0    330    852
    331      0    331      0    331      0    331      0    331      0    331      0    331      0    331    926
    332      0    332      0    332      0    332      0    332      0    332      0    332      0    332    873
    333      0    333      0    333      0    333      0    333      0    333      0    333      0    333    828
    334      0    334      0    334      0    334      0    334      0    334      0    334      0    334    908
    335      0    335      0    335      0    335      0    335      0    335      0    335      0    335    865
    336      0    336      0    336      0    336      0    336      0    336      0    336      0    336    935
    337      0    337      0    337      0    337      0    337      0    337      0    337      0    337    854
    338      0    338      0    338      0    338      0    338      0    338      0    338      0    338    880
    339      0    339      0    339      0    339      0    339      0    339      0    339      0    339    844
    340      0    340      0    340      0    340      0    340      0    340      0    340      0    340    851
    341      0    341      0    341      0    341      0    341      0    341      0    341      0    341    857
    342      0    342      0    342      0    342      0    342      0    342      0    342      0    342    782
    343      0    343      0    343      0    343      0    343      0    343      0    343      0    343    787
    344      0    344      0    344      0    344      0    344      0    344      0    344      0    344    877
    345      0    345      0    345      0    345      0    345      0    345      0    345      0    345    779
    346      0    346      0    346      0    346      0    346      0    346      0    346      0    346    788
    347      0    347      0    347      0    347      0    347      0    347      0    347      0    347    791
    348      0    348      0    348      0    348      0    348      0    348      0    348      0    348    805
    349      0    349      0    349      0    349      0    349      0    349      0    349      0    349    784
    350      0    350      0    350      0    350      0    350      0    350      0    350      0    350    823
    351      0    351      0    351      0    351      0    351      0    351      0    351      0    351    790
    352      0    352      0    352      0    352      0    352      0    352      0    352      0    352    800
    353      0    353      0    353      0    353      0    353      0    353      0    353      0    353    757
    354      0    354      0    354      0    354      0    354      0    354      0    354      0    354    787
    355      0    355      0    355      0    355      0    355      0    355      0    355      0    355    739
    356      0    356      0    356      0    356      0    356      0    356      0    356      0    356    718
    357      0    357      0    357      0    357      0    357      0    357      0    357      0    357    733
    358      0    358      0    358      0    358      0    358      0    358      0    358      0    358    761
    359      0    359      0    359      0    359      0    359      0    359      0    359      0    359    683
    360      0    360      0    360      0    360      0    360      0    360      0    360      0    360    690
    361      0    361      0    361      0    361      0    361      0    361      0    361      0    361    719
    362      0    362      0    362      0    362      0    362      0    362      0    362      0    362    688
    363      0    363      0    363      0    363      0    363      0    363      0    363      0    363    713
    364      0    364      0    364      0    364      0    364      0    364      0    364      0    364    724
    365      0    365      0    365      0    365      0    365      0    365      0    365      0    365    699
    366      0    366      0    366      0    366      0    366      0    366      0    366      0    366    719
    367      0    367      0    367      0    367      0    367      0    367      0    367      0    367    722
    368      0    368      0    368      0    368      0    368      0    368      0    368      0    368    687
    369      0    369      0    369      0    369      0    369      0    369      0    369      0    369    657
    370      0    370      0    370      0    370      0    370      0    370      0    370      0    370    658
    371      0    371      0    371      0    371      0    371      0    371      0    371      0    371    650
    372      0    372      0    372      0    372      0    372      0    372      0    372      0    372    684
    373      0    373      0    373      0    373      0    373      0    373      0    373      0    373    685
    374      0    374      0    374      0    374      0    374      0    374      0    374      0    374    668
    375      0    375      0    375      0    375      0    375      0    375      0    375      0    375    620
    376      0    376      0    376      0    376      0    376      0    376      0    376      0    376    654
    377      0    377      0    377      0    377      0    377      0    377      0    377      0    377    623
    378      0    378      0    378      0    378      0    378      0    378      0    378      0    378    100
    379      0    379      0    379      0    379      0    379      0    379      0    379      0    379      0
    380      0    380      0    380      0    380      0    380      0    380      0    380      0    380      0
    381      0    381      0    381      0    381      0    381      0    381      0    381      0    381      0
    382      0    382      0    382      0    382      0    382      0    382      0    382      0    382      0
    383      0    383      0    383      0    383      0    383      0    383      0    383      0    383      0
    384      0    384      0    384      0    384      0    384      0    384      0    384      0    384      0
    385      0    385      0    385      0    385      0    385      0    385      0    385      0    385      0
    386      0    386      0    386      0    386      0    386      0    386      0    386      0    386      0
    387      0    387      0    387      0    387      0    387      0    387      0    387      0    387      0
    388      0    388      0    388      0    388      0    388      0    388      0    388      0    388      0
    389      0    389      0    389      0    389      0    389      0    389      0    389      0    389      0
    390      0    390      0    390      0    390      0    390      0    390      0    390      0    390      0
    391      0    391      0    391      0    391      0    391      0    391      0    391      0    391      0
    392      0    392      0    392      0    392      0    392      0    392      0    392      0    392      0
    393      0    393      0    393      0    393      0    393      0    393      0    393      0    393      0
    394      0    394      0    394      0    394      0    394      0    394      0    394      0    394      0
    395      0    395      0    395      0    395      0    395      0    395      0    395      0    395      0
    396      0    396      0    396      0    396      0    396      0    396      0    396      0    396      0
    397      0    397      0    397      0    397      0    397      0    397      0    397      0    397      0
    398      0    398      0    398      0    398      0    398      0    398      0    398      0    398      0
    399      0    399      0    399      0    399      0    399      0    399      0    399      0    399      0
    400      0    400      0    400      0    400      0    400      0    400      0    400      0    400      0
    401      0    401      0    401      0    401      0    401      0    401      0    401      0    401      0
    402      0    402      0    402      0    402      0    402      0    402      0    402      0    402      0
    403      0    403      0    403      0    403      0    403      0    403      0    403      0    403      0
    404      0    404      0    404      0    404      0    404      0    404      0    404      0    404      0
    405      0    405      0    405      0    405      0    405      0    405      0    405      0    405      0
    406      0    406      0    406      0    406      0    406      0    406      0    406      0    406      0
    407      0    407      0    407      0    407      0    407      0    407      0    407      0    407      0
    408      0    408      0    408      0    408      0    408      0    408      0    408      0    408      0
    409      0    409      0    409      0    409      0    409      0    409      0    409      0    409      0
    410      0    410      0    410      0    410      0    410      0    410      0    410      0    410      0
    411      0    411      0    411      0    411      0    411      0    411      0    411      0    411      0
    412      0    412      0    412      0    412      0    412      0    412      0    412      0    412      0
    413      0    413      0    413      0    413      0    413      0    413      0    413      0    413      0
    414      0    414      0    414      0    414      0    414      0    414      0    414      0    414      0
    415      0    415      0    415      0    415      0    415      0    415      0    415      0    415      0
    416      0    416      0    416      0    416      0    416      0    416      0    416      0    416      0
    417      0    417      0    417      0    417      0    417      0    417      0    417      0    417      0
    418      0    418      0    418      0    418      0    418      0    418      0    418      0    418      0
    419      0    419      0    419      0    419      0    419      0    419      0    419      0    419      0
    420      0    420      0    420      0    420      0    420      0    420      0    420      0    420      0
    421      0    421      0    421      0    421      0    421      0    421      0    421      0    421      0
    422      0    422      0    422      0    422      0    422      0    422      0    422      0    422      0
    423      0    423      0    423      0    423      0    423      0    423      0    423      0    423      0
    424      0    424      0    424      0    424      0    424      0    424      0    424      0    424      0
    425      0    425      0    425      0    425      0    425      0    425      0    425      0    425      0
    426      0    426      0    426      0    426      0    426      0    426      0    426      0    426      0
    427      0    427      0    427      0    427      0    427      0    427      0    427      0    427      0
    428      0    428      0    428      0    428      0    428      0    428      0    428      0    428      0
    429      0    429      0    429      0    429      0    429      0    429      0    429      0    429      0
    430      0    430      0    430      0    430      0    430      0    430      0    430      0    430      0
    431      0    431      0    431      0    431      0    431      0    431      0    431      0    431      0
    432      0    432      0    432      0    432      0    432      0    432      0    432      0    432      0
    433      0    433      0    433      0    433      0    433      0    433      0    433      0    433      0
    434      0    434      0    434      0    434      0    434      0    434      0    434      0    434      0
    435      0    435      0    435      0    435      0    435      0    435      0    435      0    435      0
    436      0    436      0    436      0    436      0    436      0    436      0    436      0    436      0
    437      0    437      0    437      0    437      0    437      0    437      0    437      0    437      0
    438      0    438      0    438      0    438      0    438      0    438      0    438      0    438      0
    439      0    439      0    439      0    439      0    439      0    439      0    439      0    439      0
    440      0    440      0    440      0    440      0    440      0    440      0    440      0    440      0
    441      0    441      0    441      0    441      0    441      0    441      0    441      0    441      0
    442      0    442      0    442      0    442      0    442      0    442      0    442      0    442      0
    443      0    443      0    443      0    443      0    443      0    443      0    443      0    443      0
    444      0    444      0    444      0    444      0    444      0    444      0    444      0    444      0
    445      0    445      0    445      0    445      0    445      0    445      0    445      0    445      0
    446      0    446      0    446      0    446      0    446      0    446      0    446      0    446      0
    447      0    447      0    447      0    447      0    447      0    447      0    447      0    447      0
    448      0    448      0    448      0    448      0    448      0    448      0    448      0    448      0
    449      0    449      0    449      0    449      0    449      0    449      0    449      0    449      0
    450      0    450      0    450      0    450      0    450      0    450      0    450      0    450      0
    451      0    451      0    451      0    451      0    451      0    451      0    451      0    451      0
    452      0    452      0    452      0    452      0    452      0    452      0    452      0    452      0
    453      0    453      0    453      0    453      0    453      0    453      0    453      0    453      0
    454      0    454      0    454      0    454      0    454      0    454      0    454      0    454      0
    455      0    455      0    455      0    455      0    455      0    455      0    455      0    455      0
    456      0    456      0    456      0    456      0    456      0    456      0    456      0    456      0
    457      0    457      0    457      0    457      0    457      0    457      0    457      0    457      0
    458      0    458      0    458      0    458      0    458      0    458      0    458      0    458      0
    459      0    459      0    459      0    459      0    459      0    459      0    459      0    459      0
    460      0    460      0    460      0    460      0    460      0    460      0    460      0    460      0
    461      0    461      0    461      0    461      0    461      0    461      0    461      0    461      0
    462      0    462      0    462      0    462      0    462      0    462      0    462      0    462      0
    463      0    463      0    463      0    463      0    463      0    463      0    463      0    463      0
    464      0    464      0    464      0    464      0    464      0    464      0    464      0    464      0
    465      0    465      0    465      0    465      0    465      0    465      0    465      0    465      0
    466      0    466      0    466      0    466      0    466      0    466      0    466      0    466      0
    467      0    467      0    467      0    467      0    467      0    467      0    467      0    467      0
    468      0    468      0    468      0    468      0    468      0    468      0    468      0    468      0
    469      0    469      0    469      0    469      0    469      0    469      0    469      0    469      0
    470      0    470      0    470      0    470      0    470      0    470      0    470      0    470      0
    471      0    471      0    471      0    471      0    471      0    471      0    471      0    471      0
    472      0    472      0    472      0    472      0    472      0    472      0    472      0    472      0
    473      0    473      0    473      0    473      0    473      0    473      0    473      0    473      0
    474      0    474      0    474      0    474      0    474      0    474      0    474      0    474      0
    475      0    475      0    475      0    475      0    475      0    475      0    475      0    475      0
    476      0    476      0    476      0    476      0    476      0    476      0    476      0    476      0
    477      0    477      0    477      0    477      0    477      0    477      0    477      0    477      0
    478      0    478      0    478      0    478      0    478      0    478      0    478      0    478      0
    479      0    479      0    479      0    479      0    479      0    479      0    479      0    479      0
    480      0    480      0    480      0    480      0    480      0    480      0    480      0    480      0
    481      0    481      0    481      0    481      0    481      0    481      0    481      0    481      0
    482      0    482      0    482      0    482      0    482      0    482      0    482      0    482      0
    483      0    483      0    483      0    483      0    483      0    483      0    483      0    483      0
    484      0    484      0    484      0    484      0    484      0    484      0    484      0    484      0
    485      0    485      0    485      0    485      0    485      0    485      0    485      0    485      0
    486      0    486      0    486      0    486      0    486      0    486      0    486      0    486      0
    487      0    487      0    487      0    487      0    487      0    487      0    487      0    487      0
    488      0    488      0    488      0    488      0    488      0    488      0    488      0    488      0
    489      0    489      0    489      0    489      0    489      0    489      0    489      0    489      0
    490      0    490      0    490      0    490      0    490      0    490      0    490      0    490      0
    491      0    491      0    491      0    491      0    491      0    491      0    491      0    491      0
    492      0    492      0    492      0    492      0    492      0    492      0    492      0    492      0
    493      0    493      0    493      0    493      0    493      0    493      0    493      0    493      0
    494      0    494      0    494      0    494      0    494      0    494      0    494      0    494      0
    495      0    495      0    495      0    495      0    495      0    495      0    495      0    495      0
    496      0    496      0    496      0    496      0    496      0    496      0    496      0    496      0
    497      0    497      0    497      0    497      0    497      0    497      0    497      0    497      0
    498      0    498      0    498      0    498      0    498      0    498      0    498      0    498      0
    499      0    499      0    499      0    499      0    499      0    499      0    499      0    499      0
    500      0    500      0    500      0    500      0    500      0    500      0    500      0    500      0
    501      0    501      0    501      0    501      0    501      0    501      0    501      0    501      0
    502      0    502      0    502      0    502      0    502      0    502      0    502      0    502      0
    503      0    503      0    503      0    503      0    503      0    503      0    503      0    503      0
    504      0    504      0    504      0    504      0    504      0    504      0    504      0    504      0
    505      0    505      0    505      0    505      0    505      0    505      0    505      0    505      0
    506      0    506      0    506      0    506      0    506      0    506      0    506      0    506      0
    507      0    507      0    507      0    507      0    507      0    507      0    507      0    507      0
    508      0    508      0    508      0    508      0    508      0    508      0    508      0    508      0
    509      0    509      0    509      0    509      0    509      0    509      0    509      0    509      0
    510      0    510      0    510      0    510      0    510      0    510      0    510      0    510      0
    511      0    511      0    511      0    511      0    511      0    511      0    511      0    511      0
    512      0    512      0    512      0    512      0    512      0    512      0    512      0    512      0
