      1      0      1      0      1      0      1      0      1      0      1      0      1      0      1      0
      2      0      2      0      2      0      2      0      2      0      2      0      2      0      2      0
      3      0      3      0      3      0      3      0      3      0      3      0      3      0      3      0
      4      0      4      0      4      0      4      0      4      0      4      0      4      0      4      0
      5      0      5      0      5      0      5      0      5      0      5      0      5      0      5      0
      6      0      6      0      6      0      6      0      6      0      6      0      6      0      6      0
      7      0      7      0      7      0      7      0      7      0      7      0      7      0      7      0
      8      0      8      3      8      0      8      0      8      0      8      0      8      0      8      0
      9      0      9      2      9      0      9      0      9      0      9      0      9      0      9      0
     10      0     10      2     10      0     10      0     10      0     10      0     10      0     10      0
     11      0     11      5     11      0     11      0     11      0     11      0     11      0     11      0
     12      0     12      5     12      0     12      0     12      0     12      0     12      0     12      0
     13      0     13      5     13      0     13      0     13      0     13      0     13      0     13      0
     14      0     14      6     14      0     14      0     14      0     14      0     14      0     14      0
     15      0     15     16     15      0     15      0     15      0     15      0     15      0     15      0
     16      1     16      9     16    100     16      0     16      0     16      0     16      0     16      1
     17      0     17     11     17     54     17      0     17      0     17      0     17      0     17      0
     18      4     18      9     18     41     18      0     18      0     18      0     18      0     18      0
     19     70     19     14     19     27     19      0     19      0     19      0     19      0     19      5
     20    229     20     24     20     18     20      0     20      0     20      0     20      0     20      4
     21    333     21     22     21     16     21      0     21      0     21      0     21      0     21      8
     22    439     22     18     22     11     22      0     22      0     22      0     22      0     22      5
     23    462     23     26     23      9     23      0     23      0     23      0     23      0     23      5
     24    398     24     15     24      5     24      0     24      0     24      0     24      0     24     14
     25    437     25     24     25      3     25      0     25      0     25      0     25      0     25     24
     26    442     26     26     26      4     26      0     26      0     26      0     26      0     26     52
     27    455     27     24     27      4     27      0     27      0     27      0     27      0     27     74
     28    496     28     14     28      1     28      0     28      0     28      0     28      0     28    114
     29    464     29     37     29      4     29      0     29      0     29      0     29      0     29    155
     30    539     30     29     30      0     30      0     30      0     30      0     30      0     30    304
     31    500     31     47     31      1     31      0     31      0     31      0     31      0     31    454
     32    436     32     40     32      0     32      0     32      0     32      0     32      0     32    554
     33    332     33     48     33      0     33      0     33      0     33      0     33      0     33    717
     34    323     34     36     34      0     34      0     34      0     34      0     34      0     34    851
     35    325     35     50     35      0     35      0     35      0     35      0     35      0     35   1024
     36    282     36     54     36      0     36      0     36      0     36      0     36      0     36   1176
     37    263     37     52     37      0     37      0     37      0     37      0     37      0     37   1227
     38    241     38     61     38      0     38      0     38      0     38      0     38      0     38   1321
     39    258     39     50     39      0     39      0     39      0     39      0     39      0     39   1352
     40    250     40     49     40      0     40      0     40      0     40      0     40      0     40   1345
     41    220     41     50     41      0     41      0     41      0     41      0     41      0     41   1404
     42    216     42     49     42      0     42      0     42      0     42      0     42      0     42   1336
     43    215     43     40     43      0     43      0     43      0     43      0     43      0     43   1326
     44    222     44     39     44      0     44      0     44      0     44      0     44      0     44   1276
     45    182     45     36     45      0     45      0     45      0     45      0     45      0     45   1305
     46    195     46     14     46      0     46      0     46      0     46      0     46      0     46   1263
     47    222     47     16     47      0     47      0     47      0     47      0     47      0     47   1222
     48    216     48     16     48      0     48      0     48      0     48      0     48      0     48   1260
     49    237     49     12     49      0     49      0     49      0     49      0     49      0     49   1189
     50    187     50      9     50      0     50      0     50      0     50      0     50      0     50   1123
     51    164     51      8     51      0     51      0     51      0     51      0     51      0     51   1157
     52    209     52     10     52      0     52      1     52      0     52      0     52      0     52   1117
     53    204     53      6     53      0     53      2     53      0     53      0     53      0     53   1111
     54    158     54      6     54      0     54      0     54      0     54      0     54      0     54   1065
     55    138     55      7     55      0     55      1     55      0     55      0     55      0     55   1072
     56    106     56     13     56      0     56      0     56      0     56      0     56      0     56   1083
     57    128     57      6     57      0     57      2     57      0     57      0     57      0     57   1096
     58    128     58      6     58      0     58      0     58      0     58      0     58      0     58   1084
     59    101     59      3     59      0     59      0     59      0     59      0     59      0     59   1125
     60    123     60      8     60      0     60      0     60      0     60      0     60      0     60   1049
     61    121     61      7     61      0     61      0     61      0     61      0     61      0     61   1140
     62    126     62      3     62      0     62      0     62      0     62      0     62      0     62   1109
     63    116     63      2     63      0     63      0     63      0     63      0     63      0     63   1015
     64    109     64      3     64      0     64      0     64      0     64      0     64      0     64   1070
     65    113     65      2     65      0     65      0     65      0     65      0     65      0     65   1002
     66    108     66      4     66      0     66      0     66      0     66      0     66      0     66   1083
     67     97     67      6     67      0     67      0     67      0     67      0     67      0     67   1078
     68     94     68      7     68      0     68      0     68      0     68      0     68      0     68    962
     69     85     69      4     69      0     69      0     69      0     69      0     69      0     69   1047
     70    102     70      2     70      0     70      1     70      0     70      0     70      0     70   1071
     71    100     71      1     71      0     71      0     71      0     71      0     71      0     71   1021
     72     79     72     14     72      0     72      0     72      0     72      0     72      0     72    995
     73     99     73      2     73      0     73      0     73      0     73      0     73      0     73   1004
     74     90     74      3     74      0     74      0     74      0     74      0     74      0     74   1030
     75     96     75      2     75      0     75      0     75      0     75      0     75      0     75   1001
     76     99     76      6     76      0     76      0     76      0     76      0     76      0     76   1044
     77     75     77      4     77      0     77      0     77      0     77      0     77      0     77    970
     78     84     78      3     78      0     78      0     78      0     78      0     78      0     78   1045
     79     77     79      5     79      0     79      0     79      0     79      0     79      0     79    985
     80     66     80      2     80      0     80      0     80      0     80      0     80      0     80   1027
     81     79     81      2     81      0     81      0     81      0     81      0     81      0     81   1025
     82     69     82      6     82      0     82      0     82      0     82      0     82      0     82   1033
     83     59     83      4     83      0     83      0     83      0     83      0     83      0     83   1021
     84     64     84      4     84      0     84      0     84      0     84      0     84      0     84   1078
     85     66     85      3     85      0     85      0     85      0     85      0     85      0     85    997
     86     76     86      5     86      0     86      0     86      0     86      0     86      0     86   1014
     87     87     87      0     87      0     87      0     87      0     87      0     87      0     87   1053
     88     72     88      3     88      0     88      0     88      0     88      0     88      0     88   1028
     89     76     89      2     89      0     89      0     89      0     89      0     89      0     89   1029
     90     46     90      3     90      0     90      0     90      0     90      0     90      0     90   1008
     91     56     91      6     91      0     91      0     91      0     91      0     91      0     91    967
     92     54     92      3     92      0     92      0     92      0     92      0     92      0     92    991
     93     66     93      6     93      0     93      0     93      0     93      0     93      0     93    993
     94     57     94      6     94      0     94      0     94      0     94      0     94      0     94    956
     95     34     95      7     95      0     95      0     95      0     95      0     95      0     95   1005
     96     57     96      3     96      0     96      0     96      0     96      0     96      0     96    962
     97     52     97     10     97      0     97      0     97      0     97      0     97      0     97    989
     98     58     98     14     98      0     98      0     98      0     98      0     98      0     98   1002
     99     46     99     12     99      0     99      0     99      0     99      0     99      0     99    938
    100     40    100     14    100      0    100      0    100      0    100      0    100      0    100    950
    101     55    101     16    101      0    101      0    101      0    101      0    101      0    101    925
    102     50    102     19    102      0    102      0    102      0    102      0    102      0    102    920
    103     41    103     10    103      0    103      0    103      0    103      0    103      0    103    934
    104     47    104     15    104      0    104      0    104      0    104      0    104      0    104    936
    105     59    105     11    105      0    105      0    105      0    105      0    105      0    105    907
    106     42    106     19    106      0    106      0    106      0    106      0    106      0    106    861
    107     44    107     15    107      0    107      0    107      0    107      0    107      0    107    893
    108     45    108     12    108      0    108      0    108      0    108      0    108      0    108    905
    109     39    109     10    109      0    109      0    109      0    109      0    109      0    109    843
    110     45    110     12    110      0    110      0    110      0    110      0    110      0    110    846
    111     36    111     12    111      0    111      0    111      0    111      0    111      0    111    805
    112     36    112     16    112      0    112      0    112      0    112      0    112      0    112    786
    113     37    113      7    113      0    113      0    113      0    113      0    113      0    113    777
    114     40    114      7    114      0    114      0    114      0    114      0    114      0    114    785
    115     34    115      1    115      0    115      0    115      0    115      0    115      0    115    795
    116     52    116      6    116      0    116      0    116      0    116      0    116      0    116    776
    117     37    117      3    117      0    117      0    117      0    117      0    117      0    117    761
    118     36    118      3    118      0    118      0    118      0    118      1    118      0    118    766
    119     50    119      2    119      0    119      0    119      0    119      0    119      0    119    711
    120     49    120      3    120      0    120      0    120      0    120      0    120      0    120    741
    121     48    121      2    121      0    121      0    121      0    121      1    121      0    121    731
    122     44    122      1    122      0    122      0    122      0    122      0    122      0    122    788
    123     42    123      2    123      0    123      0    123      0    123      0    123      0    123    676
    124     35    124      0    124      0    124      0    124      0    124      0    124      0    124    690
    125     43    125      0    125      0    125      0    125      0    125      0    125      0    125    703
    126     47    126      0    126      0    126      0    126      0    126      0    126      0    126    656
    127     37    127      0    127      0    127      0    127      0    127      0    127      0    127    692
    128     45    128      2    128      0    128      0    128      0    128      0    128      0    128    666
    129     47    129      0    129      0    129      0    129      0    129      0    129      0    129    715
    130     38    130      0    130      0    130      0    130      0    130      0    130      0    130    652
    131     36    131      0    131      0    131      0    131      0    131      0    131      0    131    606
    132     41    132      0    132      0    132      0    132      0    132      0    132      0    132    611
    133     35    133      0    133      0    133      0    133      0    133      0    133      0    133    637
    134     37    134      0    134      0    134      0    134      0    134      0    134      0    134    632
    135     30    135      1    135      0    135      0    135      0    135      0    135      0    135    628
    136     39    136      1    136      0    136      0    136      0    136      0    136      0    136    547
    137     33    137      0    137      0    137      0    137      0    137      0    137      0    137    554
    138     35    138      0    138      0    138      0    138      0    138      0    138      0    138    567
    139     34    139      0    139      0    139      0    139      0    139      0    139      0    139    540
    140     37    140      0    140      0    140      0    140      0    140      0    140      0    140    546
    141     31    141      0    141      0    141      0    141      0    141      0    141      0    141    553
    142     28    142      0    142      0    142      0    142      0    142      0    142      0    142    499
    143     32    143      1    143      0    143      0    143      0    143      0    143      0    143    506
    144     16    144      0    144      0    144      0    144      0    144      0    144      0    144    463
    145     22    145      0    145      0    145      0    145      0    145      0    145      0    145    445
    146     20    146      0    146      0    146      0    146      0    146      0    146      0    146    477
    147     21    147      0    147      0    147      0    147      0    147      0    147      0    147    460
    148     15    148      0    148      0    148      0    148      0    148      0    148      0    148    437
    149     31    149      0    149      0    149      0    149      0    149      0    149      0    149    447
    150     28    150      0    150      0    150      0    150      0    150      0    150      0    150    402
    151     23    151      0    151      0    151      0    151      0    151      0    151      0    151    384
    152     18    152      0    152      0    152      0    152      0    152      0    152      0    152    346
    153     20    153      0    153      0    153      0    153      0    153      0    153      0    153    341
    154     22    154      0    154      0    154      0    154      0    154      0    154      0    154    355
    155     18    155      0    155      0    155      0    155      0    155      0    155      0    155    335
    156     18    156      0    156      0    156      0    156      0    156      0    156      0    156    320
    157     19    157      0    157      0    157      0    157      0    157      0    157      0    157    341
    158     24    158      0    158      0    158      0    158      0    158      0    158      0    158    278
    159     17    159      0    159      0    159      0    159      0    159      0    159      0    159    264
    160     20    160      0    160      0    160      0    160      0    160      0    160      0    160    220
    161     26    161      0    161      0    161      0    161      0    161      0    161      0    161    219
    162     20    162      0    162      0    162      0    162      0    162      0    162      0    162    207
    163     18    163      0    163      0    163      0    163      0    163      0    163      0    163    191
    164     21    164      0    164      0    164      0    164      0    164      0    164      0    164    195
    165     19    165      0    165      0    165      0    165      0    165      0    165      0    165    176
    166     19    166      0    166      0    166      0    166      0    166      0    166      0    166    183
    167     19    167      0    167      0    167      0    167      0    167      0    167      0    167    138
    168     26    168      0    168      0    168      0    168      0    168      0    168      0    168    130
    169     23    169      0    169      0    169      0    169      0    169      0    169      0    169    106
    170     14    170      0    170      0    170      0    170      0    170      0    170      0    170     97
    171     18    171      0    171      0    171      0    171      0    171      0    171      0    171    111
    172     19    172      0    172      0    172      0    172      0    172      0    172      0    172     99
    173     19    173      0    173      0    173      0    173      0    173      0    173      0    173     81
    174     10    174      0    174      0    174      0    174      0    174      0    174      0    174     71
    175     17    175      0    175      0    175      0    175      0    175      0    175      0    175     56
    176     18    176      0    176      0    176      0    176      0    176      0    176      0    176     63
    177     21    177      0    177      0    177      0    177      1    177      0    177      0    177     55
    178     15    178      0    178      0    178      0    178      0    178      0    178      0    178     47
    179     18    179      0    179      0    179      0    179      0    179      0    179      0    179     42
    180     12    180      0    180      0    180      0    180      0    180      0    180      0    180     40
    181     18    181      0    181      0    181      0    181      1    181      0    181      0    181     25
    182     21    182      0    182      0    182      0    182      0    182      0    182      0    182     33
    183     18    183      0    183      0    183      0    183      0    183      0    183      0    183     21
    184      9    184      0    184      0    184      0    184      0    184      0    184      0    184     23
    185     16    185      0    185      0    185      0    185      0    185      0    185      0    185     20
    186     13    186      0    186      0    186      0    186      0    186      0    186      0    186     14
    187     15    187      0    187      0    187      0    187      0    187      0    187      0    187     12
    188     10    188      0    188      0    188      0    188      0    188      0    188      0    188     12
    189     16    189      0    189      0    189      0    189      0    189      0    189      0    189     14
    190     10    190      0    190      0    190      0    190      0    190      0    190      0    190     12
    191     16    191      0    191      0    191      0    191      0    191      0    191      0    191      9
    192     16    192      0    192      0    192      0    192      0    192      0    192      0    192      4
    193     21    193      0    193      0    193      0    193      0    193      0    193      0    193      5
    194     18    194      0    194      0    194      0    194      0    194      0    194      0    194      4
    195     11    195      0    195      0    195      0    195      0    195      0    195      0    195      7
    196     18    196      0    196      0    196      0    196      0    196      0    196      0    196      5
    197     17    197      0    197      0    197      0    197      0    197      0    197      0    197      1
    198     12    198      0    198      0    198      0    198      0    198      0    198      0    198      2
    199     10    199      0    199      0    199      0    199      0    199      0    199      0    199      2
    200     12    200      0    200      0    200      0    200      0    200      0    200      0    200      2
    201     17    201      0    201      0    201      0    201      0    201      0    201      0    201      2
    202      9    202      0    202      0    202      0    202      0    202      0    202      0    202      2
    203     14    203      0    203      0    203      0    203      0    203      0    203      0    203      0
    204     13    204      0    204      0    204      0    204      0    204      0    204      0    204      1
    205     14    205      0    205      0    205      0    205      0    205      0    205      0    205      2
    206     10    206      0    206      0    206      0    206      0    206      0    206      0    206      0
    207     19    207      0    207      0    207      0    207      0    207      0    207      0    207      0
    208      8    208      0    208      0    208      0    208      0    208      0    208      0    208      0
    209     16    209      0    209      0    209      0    209      0    209      0    209      0    209      1
    210     11    210      0    210      0    210      0    210      0    210      0    210      0    210      1
    211     15    211      0    211      0    211      0    211      0    211      0    211      0    211      0
    212     16    212      0    212      0    212      0    212      0    212      0    212      0    212      3
    213     11    213      0    213      0    213      0    213      0    213      0    213      0    213      2
    214     17    214      0    214      0    214      0    214      0    214      0    214      0    214      3
    215     10    215      0    215      0    215      0    215      0    215      0    215      0    215      1
    216     14    216      0    216      0    216      0    216      0    216      0    216      0    216      2
    217      7    217      0    217      0    217      0    217      0    217      0    217      0    217      1
    218     20    218      0    218      0    218      0    218      0    218      0    218      0    218      1
    219     11    219      0    219      0    219      0    219      0    219      0    219      0    219      0
    220     16    220      0    220      0    220      0    220      0    220      0    220      0    220      2
    221     14    221      0    221      0    221      0    221      0    221      0    221      0    221      0
    222      5    222      0    222      0    222      0    222      0    222      0    222      0    222      3
    223     11    223      0    223      0    223      0    223      1    223      0    223      0    223      1
    224     15    224      0    224      0    224      0    224      0    224      0    224      0    224      0
    225      5    225      0    225      0    225      0    225      0    225      0    225      0    225      0
    226      7    226      0    226      0    226      0    226      0    226      0    226      0    226      3
    227     18    227      0    227      0    227      0    227      0    227      0    227      0    227      0
    228     14    228      0    228      0    228      0    228      0    228      0    228      0    228      2
    229     12    229      0    229      0    229      0    229      0    229      0    229      0    229      0
    230     11    230      0    230      0    230      0    230      0    230      0    230      0    230      0
    231      9    231      0    231      0    231      0    231      0    231      0    231      0    231      1
    232     12    232      0    232      0    232      0    232      0    232      0    232      0    232      2
    233      9    233      0    233      0    233      0    233      0    233      0    233      0    233      0
    234     13    234      0    234      0    234      0    234      0    234      0    234      0    234      1
    235      8    235      0    235      0    235      0    235      0    235      0    235      0    235      1
    236     11    236      0    236      0    236      0    236      0    236      0    236      0    236      0
    237     16    237      0    237      0    237      0    237      0    237      0    237      0    237      1
    238     14    238      0    238      0    238      0    238      0    238      0    238      0    238      1
    239     10    239      0    239      0    239      0    239      0    239      0    239      0    239      2
    240     13    240      0    240      0    240      0    240      0    240      0    240      0    240      1
    241     12    241      0    241      0    241      0    241      0    241      0    241      0    241      0
    242     16    242      0    242      0    242      0    242      0    242      0    242      0    242      0
    243     14    243      0    243      0    243      0    243      0    243      0    243      0    243      0
    244      8    244      0    244      0    244      0    244      0    244      0    244      0    244      0
    245     11    245      0    245      0    245      0    245      0    245      0    245      0    245      0
    246      8    246      0    246      0    246      0    246      0    246      0    246      0    246      1
    247      7    247      0    247      0    247      0    247      0    247      0    247      0    247      1
    248     10    248      0    248      0    248      0    248      0    248      0    248      0    248      2
    249     11    249      0    249      0    249      0    249      0    249      0    249      0    249      0
    250     12    250      0    250      0    250      0    250      0    250      0    250      0    250      1
    251     12    251      0    251      0    251      0    251      0    251      0    251      0    251      1
    252      9    252      0    252      0    252      0    252      0    252      0    252      0    252      0
    253     13    253      0    253      0    253      0    253      0    253      0    253      0    253      0
    254     15    254      0    254      0    254      0    254      0    254      0    254      0    254      2
    255     10    255      0    255      0    255      0    255      0    255      0    255      0    255      0
    256     11    256      0    256      0    256      0    256      0    256      0    256      0    256      0
    257     11    257      0    257      0    257      0    257      0    257      0    257      0    257      0
    258     14    258      0    258      0    258      0    258      0    258      0    258      0    258      0
    259     14    259      0    259      0    259      0    259      0    259      0    259      0    259      0
    260      7    260      0    260      0    260      0    260      0    260      0    260      0    260      1
    261     10    261      0    261      0    261      0    261      0    261      0    261      0    261      3
    262      9    262      0    262      0    262      0    262      0    262      0    262      0    262      1
    263     13    263      0    263      0    263      0    263      0    263      0    263      0    263      0
    264      5    264      0    264      0    264      0    264      0    264      0    264      0    264      0
    265     10    265      0    265      0    265      0    265      0    265      0    265      0    265      0
    266     25    266      0    266      0    266      0    266      0    266      0    266      0    266      1
    267      8    267      0    267      0    267      0    267      0    267      0    267      0    267      0
    268     16    268      0    268      0    268      0    268      0    268      0    268      0    268      0
    269     13    269      0    269      0    269      0    269      0    269      0    269      0    269      1
    270      8    270      0    270      0    270      0    270      0    270      0    270      0    270      0
    271     12    271      0    271      0    271      0    271      0    271      0    271      0    271      0
    272      8    272      0    272      0    272      0    272      0    272      0    272      0    272      0
    273     13    273      0    273      0    273      0    273      0    273      0    273      0    273      0
    274     10    274      0    274      0    274      0    274      0    274      0    274      0    274      0
    275     13    275      0    275      0    275      0    275      0    275      0    275      0    275      0
    276      9    276      0    276      0    276      0    276      0    276      0    276      0    276      0
    277     10    277      0    277      0    277      0    277      0    277      0    277      0    277      1
    278     13    278      0    278      0    278      0    278      0    278      0    278      0    278      0
    279      9    279      0    279      0    279      0    279      0    279      0    279      0    279      1
    280      3    280      0    280      0    280      0    280      0    280      0    280      0    280      2
    281      8    281      0    281      0    281      0    281      0    281      0    281      0    281      0
    282      9    282      0    282      0    282      0    282      0    282      0    282      0    282      0
    283     14    283      0    283      0    283      0    283      0    283      0    283      0    283      0
    284      9    284      0    284      0    284      0    284      0    284      0    284      0    284      0
    285      7    285      0    285      0    285      0    285      0    285      0    285      0    285      0
    286      8    286      0    286      0    286      0    286      0    286      0    286      0    286      0
    287      8    287      0    287      0    287      0    287      0    287      0    287      0    287      0
    288     10    288      0    288      0    288      0    288      0    288      0    288      0    288      0
    289     10    289      0    289      0    289      0    289      0    289      0    289      0    289      1
    290     12    290      0    290      0    290      0    290      0    290      0    290      0    290      0
    291      9    291      0    291      0    291      0    291      1    291      0    291      0    291      0
    292     11    292      0    292      0    292      0    292      0    292      0    292      0    292      0
    293     11    293      0    293      0    293      0    293      0    293      0    293      0    293      0
    294      6    294      0    294      0    294      0    294      0    294      0    294      0    294      0
    295      5    295      0    295      0    295      0    295      0    295      0    295      0    295      1
    296     11    296      0    296      0    296      0    296      0    296      0    296      0    296      1
    297      9    297      0    297      0    297      0    297      0    297      0    297      0    297      0
    298     13    298      0    298      0    298      0    298      0    298      0    298      0    298      0
    299      8    299      0    299      0    299      0    299      0    299      0    299      0    299      3
    300      5    300      0    300      0    300      0    300      0    300      0    300      0    300      0
    301      8    301      0    301      0    301      0    301      0    301      0    301      0    301      0
    302      7    302      0    302      0    302      0    302      1    302      0    302      0    302      1
    303      4    303      0    303      0    303      0    303      0    303      0    303      0    303      0
    304      7    304      0    304      0    304      0    304      0    304      0    304      0    304      1
    305      5    305      0    305      0    305      0    305      0    305      0    305      0    305      1
    306     10    306      0    306      0    306      0    306      0    306      0    306      0    306      2
    307      9    307      0    307      0    307      0    307      0    307      0    307      0    307      1
    308      8    308      0    308      0    308      0    308      0    308      0    308      0    308      0
    309      8    309      0    309      0    309      0    309      0    309      0    309      0    309      1
    310      5    310      0    310      0    310      0    310      0    310      0    310      0    310      0
    311      4    311      0    311      0    311      0    311      0    311      0    311      0    311      2
    312      7    312      0    312      0    312      0    312      0    312      0    312      0    312      0
    313     10    313      0    313      0    313      0    313      0    313      0    313      0    313      1
    314      7    314      0    314      0    314      0    314      0    314      0    314      0    314      0
    315     12    315      0    315      0    315      0    315      0    315      0    315      0    315      1
    316      7    316      0    316      0    316      0    316      0    316      0    316      0    316     10
    317      8    317      0    317      0    317      0    317      0    317      0    317      0    317     21
    318     10    318      0    318      0    318      0    318      0    318      0    318      0    318     21
    319     16    319      0    319      0    319      0    319      0    319      0    319      0    319     21
    320     18    320      0    320      0    320      0    320      0    320      0    320      0    320     19
    321      7    321      0    321      0    321      0    321      0    321      0    321      0    321     26
    322      5    322      0    322      0    322      0    322      0    322      0    322      0    322     14
    323      1    323      0    323      0    323      0    323      0    323      0    323      0    323     26
    324      8    324      0    324      0    324      0    324      0    324      0    324      0    324     12
    325      6    325      0    325      0    325      0    325      0    325      0    325      0    325     15
    326      5    326      0    326      0    326      0    326      0    326      0    326      0    326     25
    327      9    327      0    327      0    327      0    327      0    327      0    327      0    327     23
    328      9    328      0    328      0    328      0    328      0    328      0    328      0    328     16
    329      7    329      0    329      0    329      0    329      0    329      0    329      0    329     18
    330     10    330      0    330      0    330      0    330      0    330      0    330      0    330     17
    331     12    331      0    331      0    331      0    331      0    331      0    331      0    331     15
    332      8    332      0    332      0    332      0    332      0    332      0    332      0    332     15
    333      9    333      0    333      0    333      0    333      0    333      0    333      0    333     15
    334      8    334      0    334      0    334      0    334      0    334      0    334      0    334     11
    335      8    335      0    335      0    335      0    335      0    335      0    335      0    335     19
    336     12    336      0    336      0    336      0    336      0    336      0    336      0    336     23
    337      7    337      0    337      0    337      0    337      0    337      0    337      0    337     16
    338      4    338      0    338      0    338      0    338      0    338      0    338      0    338     20
    339      7    339      0    339      0    339      0    339      0    339      0    339      0    339     13
    340      7    340      0    340      0    340      0    340      0    340      0    340      0    340     13
    341      5    341      0    341      0    341      0    341      0    341      0    341      0    341     17
    342      7    342      0    342      0    342      0    342      0    342      0    342      0    342     14
    343      5    343      0    343      0    343      0    343      0    343      0    343      0    343     12
    344      7    344      0    344      0    344      0    344      0    344      0    344      0    344     23
    345      5    345      0    345      0    345      0    345      0    345      0    345      0    345     13
    346      8    346      0    346      0    346      0    346      0    346      0    346      0    346     19
    347      5    347      0    347      0    347      0    347      0    347      0    347      0    347     26
    348      5    348      0    348      0    348      0    348      0    348      0    348      0    348     20
    349      8    349      0    349      0    349      0    349      0    349      0    349      0    349     18
    350      1    350      0    350      0    350      0    350      0    350      0    350      0    350     22
    351      7    351      0    351      0    351      0    351      0    351      0    351      0    351     14
    352      4    352      0    352      0    352      0    352      0    352      0    352      0    352     19
    353      5    353      0    353      0    353      0    353      0    353      0    353      0    353     18
    354      3    354      0    354      0    354      0    354      0    354      0    354      0    354     16
    355      4    355      0    355      0    355      0    355      0    355      0    355      0    355     17
    356     10    356      0    356      0    356      0    356      0    356      0    356      0    356     14
    357      1    357      0    357      0    357      0    357      0    357      0    357      0    357     18
    358      2    358      0    358      0    358      0    358      0    358      0    358      0    358     14
    359      3    359      0    359      0    359      0    359      0    359      0    359      0    359     19
    360      4    360      0    360      0    360      0    360      0    360      0    360      0    360      9
    361      1    361      0    361      0    361      0    361      0    361      0    361      0    361     17
    362      2    362      0    362      0    362      0    362      1    362      0    362      0    362     19
    363      4    363      0    363      0    363      0    363      0    363      0    363      0    363      8
    364      1    364      0    364      0    364      0    364      0    364      0    364      0    364     16
    365      2    365      0    365      0    365      0    365      0    365      0    365      0    365      8
    366      2    366      0    366      0    366      0    366      0    366      0    366      0    366     16
    367      3    367      0    367      0    367      0    367      0    367      0    367      0    367     14
    368      2    368      0    368      0    368      0    368      0    368      0    368      0    368     15
    369      7    369      0    369      0    369      0    369      0    369      0    369      0    369     17
    370      3    370      0    370      0    370      0    370      0    370      0    370      0    370     16
    371      3    371      0    371      0    371      0    371      0    371      0    371      0    371     15
    372      5    372      0    372      0    372      0    372      0    372      0    372      0    372     13
    373      1    373      0    373      0    373      0    373      0    373      0    373      0    373     20
    374      2    374      0    374      0    374      0    374      0    374      0    374      0    374     17
    375      0    375      0    375      0    375      0    375      0    375      0    375      0    375     11
    376      2    376      0    376      0    376      0    376      0    376      0    376      0    376     13
    377      1    377      0    377      0    377      0    377      0    377      0    377      0    377     15
    378      4    378      0    378      0    378      0    378      0    378      0    378      0    378      5
    379      2    379      0    379      0    379      0    379      0    379      0    379      0    379      0
    380      5    380      0    380      0    380      0    380      0    380      0    380      0    380      0
    381      3    381      0    381      0    381      0    381      0    381      0    381      0    381      0
    382      2    382      0    382      0    382      0    382      0    382      0    382      0    382      0
    383      0    383      0    383      0    383      0    383      0    383      0    383      0    383      0
    384      2    384      0    384      0    384      0    384      0    384      0    384      0    384      0
    385      3    385      0    385      0    385      0    385      0    385      0    385      0    385      0
    386      0    386      0    386      0    386      0    386      0    386      0    386      0    386      0
    387      0    387      0    387      0    387      0    387      0    387      0    387      0    387      0
    388      3    388      0    388      0    388      0    388      0    388      0    388      0    388      0
    389      0    389      0    389      0    389      0    389      0    389      0    389      0    389      0
    390      2    390      0    390      0    390      0    390      0    390      0    390      0    390      0
    391      3    391      0    391      0    391      0    391      0    391      0    391      0    391      0
    392      1    392      0    392      0    392      0    392      0    392      0    392      0    392      0
    393      0    393      0    393      0    393      0    393      0    393      0    393      0    393      0
    394      2    394      0    394      0    394      0    394      0    394      0    394      0    394      0
    395      0    395      0    395      0    395      0    395      0    395      0    395      0    395      0
    396      2    396      0    396      0    396      0    396      0    396      0    396      0    396      0
    397      1    397      0    397      0    397      0    397      0    397      0    397      0    397      0
    398      0    398      0    398      0    398      0    398      0    398      0    398      0    398      0
    399      2    399      0    399      0    399      0    399      0    399      0    399      0    399      0
    400      0    400      0    400      0    400      0    400      0    400      0    400      0    400      0
    401      0    401      0    401      0    401      0    401      0    401      0    401      0    401      0
    402      1    402      0    402      0    402      0    402      1    402      0    402      0    402      0
    403      0    403      0    403      0    403      0    403      0    403      0    403      0    403      0
    404      0    404      0    404      0    404      0    404      0    404      0    404      0    404      0
    405      0    405      0    405      0    405      0    405      0    405      0    405      0    405      0
    406      0    406      0    406      0    406      0    406      0    406      0    406      0    406      0
    407      0    407      0    407      0    407      0    407      0    407      0    407      0    407      0
    408      0    408      0    408      0    408      0    408      0    408      0    408      0    408      0
    409      1    409      0    409      0    409      0    409      0    409      0    409      0    409      0
    410      1    410      0    410      0    410      0    410      0    410      0    410      0    410      0
    411      0    411      0    411      0    411      0    411      0    411      0    411      0    411      0
    412      0    412      0    412      0    412      0    412      0    412      0    412      0    412      0
    413      0    413      0    413      0    413      0    413      0    413      0    413      0    413      0
    414      0    414      0    414      0    414      0    414      0    414      0    414      0    414      0
    415      0    415      0    415      0    415      0    415      0    415      0    415      0    415      0
    416      0    416      0    416      0    416      0    416      0    416      0    416      0    416      0
    417      0    417      0    417      0    417      0    417      0    417      0    417      0    417      0
    418      0    418      0    418      0    418      0    418      0    418      0    418      0    418      0
    419      0    419      0    419      0    419      0    419      0    419      0    419      0    419      0
    420      0    420      0    420      0    420      0    420      0    420      0    420      0    420      0
    421      0    421      0    421      0    421      0    421      0    421      0    421      0    421      0
    422      0    422      0    422      0    422      0    422      0    422      0    422      0    422      0
    423      0    423      0    423      0    423      0    423      0    423      0    423      0    423      0
    424      0    424      0    424      0    424      0    424      0    424      0    424      0    424      0
    425      0    425      0    425      0    425      0    425      0    425      0    425      0    425      0
    426      0    426      0    426      0    426      0    426      0    426      0    426      0    426      0
    427      0    427      0    427      0    427      0    427      0    427      0    427      0    427      0
    428      0    428      0    428      0    428      0    428      0    428      0    428      0    428      0
    429      0    429      0    429      0    429      0    429      0    429      0    429      0    429      0
    430      0    430      0    430      0    430      0    430      0    430      0    430      0    430      0
    431      0    431      0    431      0    431      0    431      0    431      0    431      0    431      0
    432      0    432      0    432      0    432      0    432      0    432      0    432      0    432      0
    433      0    433      0    433      0    433      0    433      0    433      0    433      0    433      0
    434      0    434      0    434      0    434      0    434      0    434      0    434      0    434      0
    435      0    435      0    435      0    435      0    435      0    435      0    435      0    435      0
    436      0    436      0    436      0    436      0    436      0    436      0    436      0    436      0
    437      0    437      0    437      0    437      0    437      0    437      0    437      0    437      0
    438      0    438      0    438      0    438      0    438      0    438      0    438      0    438      0
    439      0    439      0    439      0    439      0    439      0    439      0    439      0    439      0
    440      0    440      0    440      0    440      0    440      0    440      0    440      0    440      0
    441      0    441      0    441      0    441      0    441      0    441      0    441      0    441      0
    442      0    442      0    442      0    442      0    442      0    442      0    442      0    442      0
    443      0    443      0    443      0    443      0    443      0    443      0    443      0    443      0
    444      0    444      0    444      0    444      0    444      0    444      0    444      0    444      0
    445      0    445      0    445      0    445      0    445      0    445      0    445      0    445      0
    446      0    446      0    446      0    446      0    446      0    446      0    446      0    446      0
    447      0    447      0    447      0    447      0    447      0    447      0    447      0    447      0
    448      0    448      0    448      0    448      0    448      0    448      0    448      0    448      0
    449      0    449      0    449      0    449      0    449      0    449      0    449      0    449      0
    450      0    450      0    450      0    450      0    450      0    450      0    450      0    450      0
    451      0    451      0    451      0    451      0    451      0    451      0    451      0    451      0
    452      0    452      0    452      0    452      0    452      0    452      0    452      0    452      0
    453      0    453      0    453      0    453      0    453      0    453      0    453      0    453      0
    454      0    454      0    454      0    454      0    454      0    454      0    454      0    454      0
    455      0    455      0    455      0    455      0    455      0    455      0    455      0    455      0
    456      0    456      0    456      0    456      0    456      0    456      0    456      0    456      0
    457      0    457      0    457      0    457      0    457      0    457      0    457      0    457      0
    458      0    458      0    458      0    458      0    458      0    458      0    458      0    458      0
    459      0    459      0    459      0    459      0    459      0    459      0    459      0    459      0
    460      0    460      0    460      0    460      0    460      0    460      0    460      0    460      0
    461      0    461      0    461      0    461      0    461      0    461      0    461      0    461      0
    462      0    462      0    462      0    462      0    462      0    462      0    462      0    462      0
    463      0    463      0    463      0    463      0    463      0    463      0    463      0    463      0
    464      0    464      0    464      0    464      0    464      0    464      0    464      0    464      0
    465      0    465      0    465      0    465      0    465      0    465      0    465      0    465      0
    466      0    466      0    466      0    466      0    466      0    466      0    466      0    466      0
    467      0    467      0    467      0    467      0    467      1    467      0    467      0    467      0
    468      0    468      0    468      0    468      0    468      0    468      0    468      0    468      0
    469      0    469      0    469      0    469      0    469      0    469      0    469      0    469      0
    470      0    470      0    470      0    470      0    470      0    470      0    470      0    470      0
    471      0    471      0    471      0    471      0    471      0    471      0    471      0    471      0
    472      0    472      0    472      0    472      0    472      0    472      0    472      0    472      0
    473      0    473      0    473      0    473      0    473      0    473      0    473      0    473      0
    474      0    474      0    474      0    474      0    474      0    474      0    474      0    474      0
    475      0    475      0    475      0    475      0    475      0    475      0    475      0    475      0
    476      0    476      0    476      0    476      0    476      0    476      0    476      0    476      0
    477      0    477      0    477      0    477      0    477      0    477      0    477      0    477      0
    478      0    478      0    478      0    478      0    478      0    478      0    478      0    478      0
    479      0    479      0    479      0    479      0    479      1    479      0    479      0    479      0
    480      0    480      0    480      0    480      0    480      0    480      0    480      0    480      0
    481      0    481      0    481      0    481      0    481      1    481      0    481      0    481      0
    482      0    482      0    482      0    482      0    482      0    482      0    482      0    482      0
    483      0    483      0    483      0    483      0    483      0    483      0    483      0    483      0
    484      0    484      0    484      0    484      0    484      0    484      0    484      0    484      0
    485      0    485      0    485      0    485      0    485      0    485      0    485      0    485      0
    486      0    486      0    486      0    486      0    486      0    486      0    486      0    486      0
    487      0    487      0    487      0    487      0    487      0    487      0    487      0    487      0
    488      0    488      0    488      0    488      0    488      0    488      0    488      0    488      0
    489      0    489      0    489      0    489      0    489      0    489      0    489      0    489      0
    490      0    490      0    490      0    490      0    490      0    490      0    490      0    490      0
    491      0    491      0    491      0    491      0    491      0    491      0    491      0    491      0
    492      0    492      0    492      0    492      0    492      0    492      0    492      0    492      0
    493      0    493      0    493      0    493      0    493      0    493      0    493      0    493      0
    494      0    494      0    494      0    494      0    494      0    494      0    494      0    494      0
    495      0    495      0    495      0    495      0    495      0    495      0    495      0    495      0
    496      0    496      0    496      0    496      0    496      0    496      0    496      0    496      0
    497      0    497      0    497      0    497      0    497      0    497      0    497      0    497      0
    498      0    498      0    498      0    498      0    498      0    498      0    498      0    498      0
    499      0    499      0    499      0    499      0    499      0    499      0    499      0    499      0
    500      0    500      0    500      0    500      0    500      0    500      0    500      0    500      0
    501      0    501      0    501      0    501      0    501      1    501      0    501      0    501      0
    502      0    502      0    502      0    502      0    502      1    502      0    502      0    502      0
    503      0    503      0    503      0    503      0    503      0    503      0    503      0    503      0
    504      0    504      0    504      0    504      0    504      0    504      0    504      0    504      0
    505      0    505      0    505      0    505      0    505      0    505      0    505      0    505      0
    506      0    506      0    506      0    506      0    506      0    506      0    506      0    506      0
    507      0    507      0    507      0    507      0    507      0    507      0    507      0    507      0
    508      0    508      0    508      0    508      0    508      0    508      0    508      0    508      0
    509      0    509      0    509      0    509      0    509      0    509      0    509      0    509      0
    510      0    510      0    510      0    510      0    510      0    510      0    510      0    510      0
    511      0    511      0    511      0    511      0    511      0    511      0    511      0    511      0
    512      0    512      0    512      0    512      0    512      0    512      0    512      0    512      0
