     0      0      0      0      0      0      0      0      0
    50      0      0      0      0      0      0      0      0
   100      1      0      0      0      0      0      0      2
   150      3      0      0      0      0      0      0      1
   200      0      0      0      0      0      0      0      1
   250      8      0      0      0      0      0      0      3
   300     20      0      0      0      0      0      0      8
   350     47      0      0      0      0      0      0     26
   400     78      1      0      0      0      0      0    118
   450    159      0      0      0      0      0      0     89
   500     89      0      0      0      0      0      0     53
   550     86      0      0      0      0      0      0    145
   600    101      0      0      0      0      0      0    106
   650     75      0      0      0      0      0      0     63
   700     64      0      0      0      0      0      0     22
   750     54      0      0      0      0      0      0     39
   800     63      0      0      0      0      0      0     20
   850    191      3      0      0      0      0      0     75
   900    291      0      0      0      0      0      0    186
   950    394      3      0      0      0      0      0    160
  1000    404      8      0      0      0      0      0    242
  1050    297      1      0      0      0      0      0    253
  1100    279      1      0      0      0      0      0    190
  1150    105      0      0      0      0      0      0     44
  1200     72      0      0      0      0      0      0     35
  1250     50      0      0      0      0      0      0     27
  1300     34      0      0      0      0      0      0     10
  1350     35      0      0      0      0      0      0      8
  1400     29      0      0      0      0      0      0      7
  1450     15      1      0      0      0      0      0     11
  1500     21      1      0      0      0      0      0      6
  1550      9      0      0      0      0      0      0      5
  1600      4      0      0      0      0      0      0      1
  1650      5      0      0      0      0      0      0      1
  1700      1      0      0      0      0      0      0      0
  1750      2      0      0      0      0      0      0      0
  1800      1      0      0      0      0      0      0      0
  1850      0      0      0      0      0      0      0      0
  1900      2      0      0      0      0      0      0      0
  1950      2      0      0      0      0      0      0      1
  2000      1      0      0      0      0      0      0      0
  2050      1      0      0      0      0      0      0      1
  2100      0      0      0      0      0      0      0      0
  2150      1      0      0      0      0      0      0      0
  2200      2      0      0      0      0      0      0      2
  2250      1      0      0      0      0      0      0      0
  2300      1      0      0      0      0      0      0      1
  2350      0      0      0      0      0      0      0      2
  2400      1      0      0      0      0      0      0      0
  2450      0      0      0      0      0      0      0      1
  2500      0      0      0      0      0      0      0      0
  2550      0      0      0      0      0      0      0      3
  2600      1      0      0      0      0      0      0      0
  2650      0      0      0      0      0      0      0      0
  2700     43      8      0      0      0      0      0    202
  2750    123     15      1      0      0      0      0    874
  2800    132     14      1      0      0      0      0    806
  2850    108     13      1      0      1      0      0    787
  2900     75      8      2      0      0      0      0    519
  2950      4      0      3      0      0      0      0     28
  3000      0      0      2      0      0      0      0      3
  3050      0      0      0      0      0      0      0      4
  3100      2      0      1      0      0      0      0      1
  3150      1      0      1      0      0      0      0      0
  3200      0      0      0      0      0      0      0      3
  3250      1      0      0      0      0      0      0      0
  3300      1      1      0      0      0      0      0      3
  3350      0      0      0      0      0      0      0      0
  3400      1      0      0      0      0      0      0      0
  3450      1      0      0      0      0      0      0      0
  3500      2      0      0      0      0      0      0      1
  3550      0      0      0      0      0      0      0      0
  3600      1      0      0      0      0      0      0      0
  3650      0      0      0      0      0      0      0      1
  3700     28      3      0      0      0      0      0    218
  3750    115     13      2      0      0      0      0    832
  3800    100     11      0      0      0      0      0    804
  3850    115     21      0      0      0      0      0    814
  3900     83      6      2      0      0      0      0    524
  3950      4      0      2      0      0      0      0     32
  4000      4      1      2      0      0      0      0      0
  4050      2      0      0      0      0      0      0      0
  4100      0      0      0      0      0      0      0      0
  4150      1      0      0      0      0      0      0      2
  4200      0      1      0      0      0      0      0      1
  4250      1      0      0      0      0      0      0      2
  4300      0      0      0      0      0      0      0      0
  4350      0      0      0      0      0      0      0      0
  4400      0      0      0      0      0      0      0      0
  4450      1      0      0      0      0      0      0      1
  4500      0      0      0      0      0      0      0      1
  4550      1      0      0      0      0      0      0      2
  4600      1      0      0      0      0      0      0      0
  4650      1      0      0      0      0      0      0      1
  4700     30      6      1      0      0      0      0    218
  4750     99     14      1      0      0      0      0    840
  4800    112     11      3      0      0      0      0    804
  4850    120     13      2      0      0      0      0    772
  4900     84      6      2      0      0      0      0    557
  4950      2      0      1      0      0      0      0     31
  5000      1      1      2      0      0      0      0      2
  5050      0      0      1      0      0      0      0      1
  5100      2      0      0      0      0      0      0      3
  5150      0      0      0      0      0      0      0      2
  5200      1      0      0      0      0      0      0      0
  5250      2      0      0      0      0      0      0      0
  5300      0      0      0      0      0      0      0      1
  5350      1      0      0      0      0      0      0      0
  5400      0      0      0      0      0      0      0      0
  5450      2      0      0      0      0      0      0      2
  5500      0      0      0      0      0      0      0      0
  5550      2      0      0      0      0      0      0      3
  5600      0      0      0      0      0      0      0      3
  5650      0      0      0      0      0      0      0      0
  5700     45      7      0      0      0      0      0    228
  5750    119     15      2      0      0      0      0    807
  5800    122      7      1      0      0      0      0    863
  5850     99     21      2      0      0      0      0    715
  5900     94      4      1      0      0      0      0    582
  5950      6      0      1      1      0      0      0     26
  6000     49      6      3      0      0      0      0    301
  6050    167     24      2      0      0      0      0   1175
  6100    212     22      1      0      0      0      0   1286
  6150    171     18      7      0      0      0      0   1314
  6200    152     31      2      1      0      0      0   1353
  6250    178     28      5      0      0      0      0   1219
  6300    167     13      4      0      0      0      0   1126
  6350    140     18      6      0      0      0      0   1087
  6400    144     21      4      0      0      0      0   1105
  6450    147     18      2      0      0      0      0   1042
  6500    191     21      6      0      0      0      0   1464
  6550    346     53      7      2      0      0      0   2543
  6600    401     64      6      0      0      0      0   2743
  6650    422     42     10      0      0      0      0   2838
  6700    456     53      3      0      2      0      0   3144
  6750    541     83     13      0      1      0      0   3862
  6800    595    112     12      0      0      0      0   4218
  6850    619     85     18      1      0      0      0   4201
  6900    466     77     10      0      1      1      0   3609
  6950    379     49      8      0      0      0      0   2575
  7000    306     45      8      2      0      0      0   2289
  7050    204     25      9      0      0      1      0   1463
  7100    137     13      3      0      0      0      0   1160
  7150    158     35      3      0      0      0      0   1203
  7200    170     29      3      0      0      0      0   1209
  7250    312     36     10      0      0      0      0   2342
  7300    320     43      7      0      0      0      0   2334
  7350    290     36      4      0      1      0      0   2326
  7400    313     62      8      0      0      0      0   2493
  7450    341     60     10      0      0      0      0   2400
  7500    335     64     10      0      1      0      0   2514
  7550    375     55      9      0      0      0      0   2743
  7600    370     53     11      0      0      0      0   2648
  7650    387     46     12      0      1      0      0   2750
  7700    428     49      6      0      0      0      0   3057
  7750    557     74     12      0      0      0      0   3724
  7800    518     88      4      0      1      0      0   3901
  7850    617     78      0      0      1      0      0   4281
  7900    582     69      0      0      2      0      0   4021
  7950    415     62      0      0      0      0      0   2972
  8000    275     49      0      0      0      0      0   2098
  8050    161     10      0      0      0      0      0   1187
  8100    167     22      0      0      0      0      0   1123
  8150    152     17      0      0      0      0      0   1084
  8200    150     18      0      0      0      0      0   1105
  8250    110      7      0      0      0      0      0    698
  8300      0      0      0      0      0      0      0      0
  8350      0      0      0      0      0      0      0      0
  8400      0      0      0      0      0      0      0      0
  8450      0      0      0      0      0      0      0      0
  8500      0      0      0      0      0      0      0      0
  8550      0      0      0      0      0      0      0      0
  8600      0      0      0      0      0      0      0      0
  8650      0      0      0      0      0      0      0      0
  8700      0      0      0      0      0      0      0      0
  8750      0      0      0      0      0      0      0      0
  8800      0      0      0      0      0      0      0      0
  8850      0      0      0      0      0      0      0      0
  8900      0      0      0      0      0      0      0      0
  8950      0      0      0      0      0      0      0      0
  9000      0      0      0      0      0      0      0      0
  9050      0      0      0      0      0      0      0      0
  9100      0      0      0      0      0      0      0      0
  9150      0      0      0      0      0      0      0      0
  9200      0      0      0      0      0      0      0      0
  9250      0      0      0      0      0      0      0      0
  9300      0      0      0      0      0      0      0      0
  9350      0      0      0      0      0      0      0      0
  9400      0      0      0      0      0      0      0      0
  9450      0      0      0      0      0      0      0      0
  9500      0      0      0      0      0      0      0      0
  9550      0      0      0      0      0      0      0      0
  9600      0      0      0      0      0      0      0      0
  9650      0      0      0      0      0      0      0      0
  9700      0      0      0      0      0      0      0      0
  9750      0      0      0      0      0      0      0      0
  9800      0      0      0      0      0      0      0      0
  9850      0      0      0      0      0      0      0      0
  9900      0      0      0      0      0      0      0      0
  9950      0      0      0      0      0      0      0      0
 10000      0      0      0      0      0      0      0      0
 10050      0      0      0      0      0      0      0      0
 10100      0      0      0      0      0      0      0      0
 10150      0      0      0      0      0      0      0      0
 10200      0      0      0      0      0      0      0      0
 10250      0      0      0      0      0      0      0      0
 10300      0      0      0      0      0      0      0      0
 10350      0      0      0      0      0      0      0      0
 10400      0      0      0      0      0      0      0      0
 10450      0      0      0      0      0      0      0      0
 10500      0      0      0      0      0      0      0      0
 10550      0      0      0      0      0      0      0      0
 10600      0      0      0      0      0      0      0      0
 10650      0      0      0      0      0      0      0      0
 10700      0      0      0      0      0      0      0      0
 10750      0      0      0      0      0      0      0      0
 10800      0      0      0      0      0      0      0      0
 10850      0      0      0      0      0      0      0      0
 10900      0      0      0      0      0      0      0      0
 10950      0      0      0      0      0      0      0      0
 11000      0      0      0      0      0      0      0      0
 11050      0      0      0      0      0      0      0      0
 11100      0      0      0      0      0      0      0      0
 11150      0      0      0      0      0      0      0      0
 11200      0      0      0      0      0      0      0      0
 11250      0      0      0      0      0      0      0      0
 11300      0      0      0      0      0      0      0      0
 11350      0      0      0      0      0      0      0      0
 11400      0      0      0      0      0      0      0      0
 11450      0      0      0      0      0      0      0      0
 11500      0      0      0      0      0      0      0      0
 11550      0      0      0      0      0      0      0      0
 11600      0      0      0      0      0      0      0      0
 11650      0      0      0      0      0      0      0      0
 11700      0      0      0      0      0      0      0      0
 11750      0      0      0      0      0      0      0      0
 11800      0      0      0      0      0      0      0      0
 11850      0      0      0      0      0      0      0      0
 11900      0      0      0      0      0      0      0      0
 11950      0      0      0      0      0      0      0      0
 12000      0      0      0      0      0      0      0      0
