      1      0      1      0      1      0      1      0      1      0      1      0      1      0      1      0
      2      0      2      0      2      0      2      0      2      0      2      0      2      0      2      0
      3      0      3      0      3      0      3      0      3      0      3      0      3      0      3      0
      4      0      4      0      4      0      4      0      4      0      4      0      4      0      4      0
      5      0      5      0      5      0      5      0      5      0      5      0      5      0      5      0
      6      0      6      0      6      0      6      0      6      0      6      0      6      0      6      0
      7      0      7      4      7      0      7      0      7      0      7      0      7      0      7      0
      8      0      8      0      8      0      8      0      8      0      8      0      8      0      8      0
      9      0      9      3      9      0      9      0      9      0      9      0      9      0      9      0
     10      0     10      2     10      0     10      0     10      0     10      0     10      0     10      0
     11      0     11      3     11      0     11      0     11      0     11      0     11      0     11      0
     12      0     12      6     12      0     12      0     12      0     12      0     12      0     12      0
     13      0     13      9     13      0     13      0     13      0     13      0     13      0     13      0
     14      0     14      8     14      0     14      0     14      0     14      0     14      0     14      0
     15      0     15     14     15      0     15      0     15      0     15      0     15      0     15      0
     16      0     16      9     16    106     16      0     16      0     16      0     16      0     16      1
     17      0     17     11     17     65     17      0     17      0     17      0     17      0     17      1
     18      0     18     17     18     50     18      0     18      0     18      0     18      0     18      2
     19      0     19     24     19     29     19      0     19      0     19      0     19      0     19      4
     20      0     20     23     20     23     20      0     20      0     20      0     20      0     20      4
     21      0     21     23     21     19     21      0     21      0     21      0     21      0     21     11
     22      0     22     29     22     18     22      0     22      0     22      0     22      0     22      4
     23      0     23     27     23     11     23      0     23      0     23      0     23      0     23     10
     24      0     24     29     24     12     24      0     24      0     24      0     24      0     24     18
     25      0     25     34     25      9     25      0     25      0     25      0     25      0     25     23
     26      0     26     30     26      5     26      0     26      0     26      0     26      0     26     43
     27      0     27     39     27      3     27      0     27      0     27      0     27      0     27     79
     28      0     28     55     28      7     28      0     28      0     28      0     28      0     28    132
     29      0     29     47     29      3     29      0     29      0     29      0     29      0     29    251
     30      0     30     46     30      0     30      0     30      0     30      0     30      0     30    357
     31      0     31     43     31      0     31      0     31      0     31      0     31      0     31    571
     32      0     32     41     32      1     32      0     32      0     32      0     32      0     32    750
     33      0     33     57     33      0     33      0     33      0     33      0     33      0     33    916
     34      0     34     56     34      0     34      0     34      0     34      0     34      0     34   1156
     35      0     35     96     35      0     35      0     35      0     35      0     35      0     35   1298
     36      0     36     65     36      0     36      0     36      0     36      0     36      0     36   1535
     37      0     37     64     37      0     37      0     37      0     37      0     37      0     37   1738
     38      0     38     66     38      0     38      0     38      0     38      0     38      0     38   1734
     39      0     39     81     39      1     39      0     39      0     39      0     39      0     39   1796
     40      0     40     73     40      0     40      0     40      0     40      0     40      0     40   1825
     41      0     41     70     41      0     41      0     41      0     41      0     41      0     41   1916
     42      0     42     68     42      0     42      0     42      0     42      0     42      0     42   1805
     43      0     43     50     43      0     43      0     43      0     43      0     43      0     43   1824
     44      4     44     38     44      0     44      0     44      0     44      0     44      0     44   1724
     45     12     45     31     45      0     45      0     45      0     45      0     45      0     45   1769
     46     20     46     18     46      1     46      0     46      0     46      0     46      0     46   1625
     47     32     47     27     47      0     47      0     47      0     47      0     47      0     47   1609
     48     44     48     20     48      0     48      0     48      0     48      0     48      0     48   1568
     49     54     49     21     49      0     49      0     49      0     49      0     49      0     49   1615
     50     62     50      8     50      0     50      0     50      0     50      0     50      0     50   1536
     51     65     51     14     51      0     51      0     51      0     51      0     51      0     51   1555
     52     67     52     11     52      0     52      2     52      0     52      0     52      0     52   1470
     53     83     53     13     53      0     53      0     53      0     53      0     53      0     53   1509
     54     88     54     11     54      0     54      0     54      0     54      1     54      0     54   1485
     55    100     55      7     55      0     55      0     55      0     55      0     55      0     55   1502
     56     79     56      4     56      0     56      0     56      0     56      0     56      0     56   1430
     57    115     57     10     57      0     57      0     57      0     57      0     57      0     57   1406
     58    109     58     15     58      0     58      0     58      0     58      0     58      0     58   1411
     59    110     59     14     59      0     59      0     59      0     59      0     59      0     59   1428
     60    109     60      8     60      0     60      0     60      0     60      0     60      0     60   1410
     61    112     61      7     61      0     61      0     61      0     61      0     61      0     61   1412
     62    109     62     11     62      0     62      0     62      0     62      0     62      0     62   1463
     63     76     63      8     63      0     63      0     63      0     63      0     63      0     63   1425
     64     96     64      5     64      0     64      0     64      0     64      0     64      0     64   1484
     65     93     65      4     65      0     65      0     65      0     65      0     65      0     65   1384
     66     85     66     10     66      0     66      0     66      0     66      0     66      0     66   1464
     67     96     67      2     67      0     67      0     67      0     67      0     67      0     67   1422
     68     87     68     12     68      0     68      0     68      0     68      0     68      0     68   1435
     69     96     69      4     69      0     69      0     69      0     69      0     69      0     69   1336
     70     70     70      4     70      0     70      0     70      0     70      0     70      0     70   1307
     71     76     71      3     71      0     71      0     71      0     71      0     71      0     71   1346
     72     76     72      5     72      0     72      0     72      0     72      0     72      0     72   1358
     73     80     73      5     73      0     73      0     73      0     73      0     73      0     73   1333
     74     73     74      5     74      0     74      0     74      0     74      0     74      0     74   1368
     75     69     75      3     75      0     75      0     75      0     75      0     75      0     75   1298
     76     83     76      5     76      0     76      0     76      0     76      0     76      0     76   1353
     77     66     77     12     77      0     77      0     77      0     77      0     77      0     77   1360
     78     57     78      8     78      0     78      0     78      0     78      0     78      0     78   1307
     79     71     79      8     79      0     79      0     79      0     79      0     79      0     79   1397
     80     76     80      5     80      0     80      0     80      0     80      0     80      0     80   1398
     81     79     81      2     81      0     81      0     81      0     81      0     81      0     81   1372
     82     72     82      3     82      0     82      0     82      0     82      0     82      0     82   1387
     83     52     83      3     83      0     83      0     83      0     83      0     83      0     83   1322
     84     85     84      4     84      0     84      0     84      0     84      0     84      0     84   1421
     85     66     85      2     85      0     85      0     85      0     85      0     85      0     85   1412
     86     66     86      2     86      0     86      0     86      0     86      0     86      0     86   1425
     87     63     87      2     87      0     87      0     87      0     87      0     87      0     87   1354
     88     75     88      6     88      0     88      0     88      0     88      0     88      0     88   1296
     89     71     89      5     89      0     89      0     89      0     89      0     89      0     89   1339
     90     68     90      4     90      0     90      0     90      0     90      0     90      0     90   1286
     91     65     91      6     91      0     91      0     91      0     91      0     91      0     91   1334
     92     80     92      7     92      0     92      0     92      0     92      0     92      0     92   1336
     93     65     93      9     93      0     93      0     93      0     93      0     93      0     93   1304
     94     59     94      6     94      0     94      0     94      0     94      0     94      0     94   1323
     95     62     95      4     95      0     95      0     95      0     95      0     95      0     95   1320
     96     73     96     11     96      0     96      0     96      0     96      0     96      0     96   1349
     97     64     97      8     97      0     97      0     97      0     97      0     97      0     97   1380
     98     64     98     11     98      0     98      0     98      0     98      0     98      0     98   1280
     99     69     99     17     99      0     99      0     99      0     99      0     99      0     99   1323
    100     65    100     17    100      0    100      0    100      0    100      0    100      0    100   1286
    101     50    101     15    101      0    101      0    101      0    101      0    101      0    101   1224
    102     47    102     20    102      0    102      0    102      0    102      0    102      0    102   1301
    103     73    103     29    103      0    103      0    103      0    103      0    103      0    103   1194
    104     54    104     30    104      0    104      0    104      0    104      0    104      0    104   1261
    105     43    105     19    105      0    105      0    105      0    105      0    105      0    105   1176
    106     40    106     24    106      0    106      0    106      0    106      0    106      0    106   1199
    107     61    107     29    107      0    107      0    107      0    107      0    107      0    107   1178
    108     48    108     17    108      0    108      0    108      0    108      0    108      0    108   1129
    109     43    109     19    109      0    109      0    109      0    109      0    109      0    109   1107
    110     36    110      8    110      0    110      0    110      0    110      0    110      0    110   1115
    111     37    111     23    111      0    111      0    111      0    111      0    111      0    111   1139
    112     39    112      8    112      0    112      0    112      0    112      0    112      0    112   1150
    113     37    113     11    113      0    113      0    113      0    113      0    113      0    113   1101
    114     47    114      9    114      0    114      0    114      0    114      0    114      0    114   1069
    115     45    115     15    115      0    115      0    115      0    115      0    115      0    115   1124
    116     40    116      8    116      0    116      0    116      0    116      0    116      0    116   1086
    117     44    117     12    117      0    117      0    117      0    117      0    117      0    117   1089
    118     25    118      5    118      0    118      0    118      0    118      0    118      0    118   1005
    119     51    119      4    119      0    119      0    119      0    119      1    119      0    119    959
    120     36    120      5    120      0    120      0    120      0    120      0    120      0    120    974
    121     31    121      6    121      0    121      0    121      0    121      0    121      0    121    982
    122     33    122      2    122      0    122      0    122      0    122      0    122      0    122    937
    123     39    123      6    123      0    123      0    123      0    123      0    123      0    123    947
    124     36    124      3    124      0    124      0    124      0    124      1    124      0    124    953
    125     42    125      1    125      0    125      0    125      0    125      0    125      0    125    915
    126     33    126      1    126      0    126      0    126      0    126      0    126      0    126    951
    127     35    127      1    127      0    127      0    127      0    127      0    127      0    127    913
    128     39    128      0    128      0    128      0    128      0    128      0    128      0    128    901
    129     37    129      0    129      0    129      0    129      0    129      0    129      0    129    879
    130     41    130      0    130      0    130      0    130      0    130      0    130      0    130    914
    131     44    131      0    131      0    131      0    131      0    131      0    131      0    131    827
    132     28    132      0    132      0    132      0    132      0    132      0    132      0    132    826
    133     36    133      0    133      0    133      0    133      0    133      0    133      0    133    837
    134     34    134      0    134      0    134      0    134      0    134      0    134      0    134    782
    135     48    135      0    135      0    135      0    135      0    135      0    135      0    135    848
    136     41    136      0    136      0    136      0    136      0    136      0    136      0    136    839
    137     28    137      0    137      0    137      0    137      0    137      0    137      0    137    804
    138     37    138      1    138      0    138      0    138      0    138      0    138      0    138    777
    139     31    139      0    139      0    139      0    139      0    139      0    139      0    139    770
    140     32    140      1    140      0    140      0    140      0    140      0    140      0    140    779
    141     26    141      1    141      0    141      0    141      0    141      0    141      0    141    757
    142     29    142      2    142      0    142      0    142      0    142      0    142      0    142    672
    143     29    143      0    143      0    143      0    143      0    143      0    143      0    143    650
    144     24    144      0    144      0    144      0    144      0    144      0    144      0    144    682
    145     32    145      0    145      0    145      0    145      0    145      0    145      0    145    682
    146     38    146      0    146      0    146      0    146      0    146      0    146      0    146    629
    147     38    147      0    147      0    147      0    147      0    147      0    147      0    147    604
    148     32    148      0    148      0    148      0    148      0    148      0    148      0    148    598
    149     25    149      0    149      0    149      0    149      0    149      0    149      0    149    583
    150     35    150      1    150      0    150      0    150      0    150      0    150      0    150    572
    151     23    151      0    151      0    151      0    151      1    151      0    151      0    151    528
    152     24    152      1    152      0    152      0    152      0    152      0    152      0    152    505
    153     28    153      0    153      0    153      0    153      0    153      0    153      0    153    467
    154     24    154      0    154      0    154      0    154      0    154      0    154      0    154    481
    155     24    155      0    155      0    155      0    155      0    155      0    155      0    155    461
    156     20    156      0    156      0    156      0    156      0    156      0    156      0    156    442
    157     26    157      0    157      0    157      0    157      0    157      0    157      0    157    385
    158     26    158      0    158      0    158      0    158      0    158      0    158      0    158    376
    159     18    159      0    159      0    159      0    159      0    159      0    159      0    159    317
    160     25    160      0    160      0    160      0    160      0    160      0    160      0    160    371
    161     21    161      0    161      0    161      0    161      0    161      0    161      0    161    303
    162     23    162      0    162      0    162      0    162      0    162      0    162      0    162    277
    163     30    163      0    163      0    163      0    163      0    163      0    163      0    163    276
    164     22    164      0    164      0    164      0    164      0    164      0    164      0    164    283
    165     37    165      0    165      0    165      0    165      0    165      0    165      0    165    265
    166     32    166      0    166      0    166      0    166      0    166      0    166      0    166    224
    167     24    167      0    167      0    167      0    167      0    167      0    167      0    167    207
    168     23    168      0    168      0    168      0    168      0    168      0    168      0    168    198
    169     16    169      0    169      0    169      0    169      0    169      0    169      0    169    190
    170     24    170      0    170      0    170      0    170      0    170      0    170      0    170    165
    171     29    171      0    171      0    171      0    171      0    171      0    171      0    171    158
    172     21    172      0    172      0    172      0    172      0    172      0    172      0    172    137
    173     22    173      0    173      0    173      0    173      0    173      0    173      0    173    139
    174     32    174      0    174      0    174      0    174      0    174      0    174      0    174    121
    175     22    175      0    175      0    175      0    175      0    175      0    175      0    175    126
    176     23    176      0    176      0    176      0    176      0    176      0    176      0    176     98
    177     13    177      0    177      0    177      0    177      0    177      0    177      0    177     76
    178     20    178      0    178      0    178      0    178      0    178      0    178      0    178     84
    179     20    179      0    179      0    179      0    179      0    179      0    179      0    179     72
    180     24    180      0    180      0    180      0    180      0    180      0    180      0    180     55
    181     26    181      0    181      0    181      0    181      0    181      0    181      0    181     48
    182     13    182      0    182      0    182      0    182      0    182      0    182      0    182     55
    183     24    183      0    183      0    183      0    183      0    183      0    183      0    183     43
    184     23    184      0    184      0    184      0    184      0    184      0    184      0    184     29
    185     17    185      0    185      0    185      0    185      0    185      0    185      0    185     24
    186     25    186      0    186      0    186      0    186      0    186      0    186      0    186     21
    187     25    187      0    187      0    187      0    187      0    187      0    187      0    187     20
    188     24    188      0    188      0    188      0    188      0    188      0    188      0    188     14
    189     17    189      0    189      0    189      0    189      0    189      0    189      0    189     23
    190     21    190      0    190      0    190      0    190      0    190      0    190      0    190      9
    191     23    191      0    191      0    191      0    191      0    191      0    191      0    191     12
    192     25    192      0    192      0    192      0    192      0    192      0    192      0    192     10
    193     17    193      0    193      0    193      0    193      0    193      0    193      0    193     13
    194     14    194      0    194      0    194      0    194      0    194      0    194      0    194     11
    195     17    195      0    195      0    195      0    195      0    195      0    195      0    195     12
    196     26    196      0    196      0    196      0    196      0    196      0    196      0    196      5
    197     16    197      0    197      0    197      0    197      0    197      0    197      0    197      1
    198     16    198      0    198      0    198      0    198      0    198      0    198      0    198      4
    199     26    199      0    199      0    199      0    199      0    199      0    199      0    199      6
    200     21    200      0    200      0    200      0    200      0    200      0    200      0    200      3
    201     27    201      0    201      0    201      0    201      0    201      0    201      0    201      2
    202     23    202      0    202      0    202      0    202      0    202      0    202      0    202      2
    203     18    203      0    203      0    203      0    203      0    203      0    203      0    203      1
    204     15    204      0    204      0    204      0    204      0    204      0    204      0    204      2
    205     21    205      0    205      0    205      0    205      0    205      0    205      0    205      2
    206     19    206      0    206      0    206      0    206      0    206      0    206      0    206      3
    207     11    207      0    207      0    207      0    207      0    207      0    207      0    207      0
    208     20    208      0    208      0    208      0    208      0    208      0    208      0    208      4
    209     14    209      0    209      0    209      0    209      0    209      0    209      0    209      0
    210     14    210      0    210      0    210      0    210      0    210      0    210      0    210      1
    211     16    211      0    211      0    211      0    211      0    211      0    211      0    211      0
    212     18    212      0    212      0    212      0    212      0    212      0    212      0    212      0
    213     11    213      0    213      0    213      0    213      0    213      0    213      0    213      1
    214     19    214      0    214      0    214      0    214      0    214      0    214      0    214      1
    215     16    215      0    215      0    215      0    215      0    215      0    215      0    215      2
    216     14    216      0    216      0    216      0    216      0    216      0    216      0    216      1
    217     17    217      0    217      0    217      0    217      0    217      0    217      0    217      1
    218     23    218      0    218      0    218      0    218      0    218      0    218      0    218      0
    219     14    219      0    219      0    219      0    219      0    219      0    219      0    219      0
    220     17    220      0    220      0    220      0    220      0    220      0    220      0    220      0
    221     16    221      0    221      0    221      0    221      0    221      0    221      0    221      1
    222     14    222      0    222      0    222      0    222      0    222      0    222      0    222      2
    223     16    223      0    223      0    223      0    223      0    223      0    223      0    223      3
    224     10    224      0    224      0    224      0    224      1    224      0    224      0    224      1
    225     15    225      0    225      0    225      0    225      0    225      0    225      0    225      0
    226     22    226      0    226      0    226      0    226      0    226      0    226      0    226      0
    227     17    227      0    227      0    227      0    227      0    227      0    227      0    227      1
    228     22    228      0    228      0    228      0    228      0    228      0    228      0    228      0
    229     25    229      0    229      0    229      0    229      0    229      0    229      0    229      0
    230     21    230      0    230      0    230      0    230      0    230      0    230      0    230      2
    231      9    231      0    231      0    231      0    231      0    231      0    231      0    231      1
    232     13    232      0    232      0    232      0    232      0    232      0    232      0    232      1
    233     12    233      0    233      0    233      0    233      0    233      0    233      0    233      0
    234     14    234      0    234      0    234      0    234      0    234      0    234      0    234      0
    235     13    235      0    235      0    235      0    235      0    235      0    235      0    235      1
    236     16    236      0    236      0    236      0    236      0    236      0    236      0    236      0
    237     16    237      0    237      0    237      0    237      0    237      0    237      0    237      0
    238     15    238      0    238      0    238      0    238      0    238      0    238      0    238      1
    239     15    239      0    239      0    239      0    239      0    239      0    239      0    239      0
    240     18    240      0    240      0    240      0    240      0    240      0    240      0    240      1
    241     13    241      0    241      0    241      0    241      0    241      0    241      0    241      1
    242     21    242      0    242      0    242      0    242      0    242      0    242      0    242      0
    243     14    243      0    243      0    243      0    243      0    243      0    243      0    243      1
    244     16    244      0    244      0    244      0    244      0    244      0    244      0    244      1
    245     16    245      0    245      0    245      0    245      0    245      0    245      0    245      0
    246     17    246      0    246      0    246      0    246      0    246      0    246      0    246      0
    247     15    247      0    247      0    247      0    247      0    247      0    247      0    247      1
    248     14    248      0    248      0    248      0    248      0    248      0    248      0    248      0
    249     15    249      0    249      0    249      0    249      0    249      0    249      0    249      0
    250     13    250      0    250      0    250      0    250      0    250      0    250      0    250      1
    251     24    251      0    251      0    251      0    251      0    251      0    251      0    251      0
    252     12    252      0    252      0    252      0    252      0    252      0    252      0    252      0
    253     13    253      0    253      0    253      0    253      0    253      0    253      0    253      0
    254     15    254      0    254      0    254      0    254      0    254      0    254      0    254      1
    255     10    255      0    255      0    255      0    255      0    255      0    255      0    255      1
    256      7    256      0    256      0    256      0    256      0    256      0    256      0    256      2
    257      9    257      0    257      0    257      0    257      0    257      0    257      0    257      0
    258     12    258      0    258      0    258      0    258      1    258      0    258      0    258      1
    259      8    259      0    259      0    259      0    259      0    259      0    259      0    259      0
    260      8    260      0    260      0    260      0    260      0    260      0    260      0    260      1
    261      8    261      0    261      0    261      0    261      1    261      0    261      0    261      0
    262     11    262      0    262      0    262      0    262      0    262      0    262      0    262      0
    263     14    263      0    263      0    263      0    263      0    263      0    263      0    263      2
    264     17    264      0    264      0    264      0    264      0    264      0    264      0    264      0
    265      8    265      0    265      0    265      0    265      0    265      0    265      0    265      0
    266      5    266      0    266      0    266      0    266      0    266      0    266      0    266      0
    267     11    267      0    267      0    267      0    267      1    267      0    267      0    267      1
    268      3    268      0    268      0    268      0    268      0    268      0    268      0    268      0
    269      8    269      0    269      0    269      0    269      1    269      0    269      0    269      0
    270      2    270      0    270      0    270      0    270      0    270      0    270      0    270      2
    271     10    271      0    271      0    271      0    271      0    271      0    271      0    271      1
    272      4    272      0    272      0    272      0    272      0    272      0    272      0    272      0
    273      5    273      0    273      0    273      0    273      0    273      0    273      0    273      1
    274      1    274      0    274      0    274      0    274      0    274      0    274      0    274      0
    275      5    275      0    275      0    275      0    275      0    275      0    275      0    275      1
    276      7    276      0    276      0    276      0    276      0    276      0    276      0    276      0
    277      3    277      0    277      0    277      0    277      0    277      0    277      0    277      0
    278      4    278      0    278      0    278      0    278      0    278      0    278      0    278      0
    279      4    279      0    279      0    279      0    279      0    279      0    279      0    279      0
    280      5    280      0    280      0    280      0    280      0    280      0    280      0    280      0
    281      6    281      0    281      0    281      0    281      0    281      0    281      0    281      2
    282      2    282      0    282      0    282      0    282      0    282      0    282      0    282      0
    283      2    283      0    283      0    283      0    283      0    283      0    283      0    283      2
    284      2    284      0    284      0    284      0    284      0    284      0    284      0    284      0
    285      1    285      0    285      0    285      0    285      0    285      0    285      0    285      1
    286      3    286      0    286      0    286      0    286      0    286      0    286      0    286      1
    287      3    287      0    287      0    287      0    287      0    287      0    287      0    287      0
    288      0    288      0    288      0    288      0    288      0    288      0    288      0    288      1
    289      1    289      0    289      0    289      0    289      0    289      0    289      0    289      0
    290      4    290      0    290      0    290      0    290      0    290      0    290      0    290      0
    291      1    291      0    291      0    291      0    291      0    291      0    291      0    291      1
    292      3    292      0    292      0    292      0    292      0    292      0    292      0    292      0
    293      1    293      0    293      0    293      0    293      0    293      0    293      0    293      0
    294      6    294      0    294      0    294      0    294      0    294      0    294      0    294      0
    295      1    295      0    295      0    295      0    295      0    295      0    295      0    295      0
    296      0    296      0    296      0    296      0    296      0    296      0    296      0    296      1
    297      1    297      0    297      0    297      0    297      0    297      0    297      0    297      0
    298      0    298      0    298      0    298      0    298      0    298      0    298      0    298      0
    299      1    299      0    299      0    299      0    299      0    299      0    299      0    299      0
    300      0    300      0    300      0    300      0    300      0    300      0    300      0    300      0
    301      0    301      0    301      0    301      0    301      0    301      0    301      0    301      0
    302      3    302      0    302      0    302      0    302      1    302      0    302      0    302      1
    303      0    303      0    303      0    303      0    303      0    303      0    303      0    303      0
    304      2    304      0    304      0    304      0    304      1    304      0    304      0    304      0
    305      1    305      0    305      0    305      0    305      0    305      0    305      0    305      0
    306      0    306      0    306      0    306      0    306      0    306      0    306      0    306      0
    307      1    307      0    307      0    307      0    307      0    307      0    307      0    307      0
    308      1    308      0    308      0    308      0    308      0    308      0    308      0    308      0
    309      0    309      0    309      0    309      0    309      0    309      0    309      0    309      0
    310      0    310      0    310      0    310      0    310      0    310      0    310      0    310      0
    311      0    311      0    311      0    311      0    311      0    311      0    311      0    311      0
    312      0    312      0    312      0    312      0    312      0    312      0    312      0    312      0
    313      0    313      0    313      0    313      0    313      0    313      0    313      0    313      1
    314      0    314      0    314      0    314      0    314      0    314      0    314      0    314      0
    315      0    315      0    315      0    315      0    315      0    315      0    315      0    315      1
    316      0    316      0    316      0    316      0    316      0    316      0    316      0    316     26
    317      0    317      0    317      0    317      0    317      0    317      0    317      0    317     38
    318      0    318      0    318      0    318      0    318      0    318      0    318      0    318     31
    319      0    319      0    319      0    319      0    319      0    319      0    319      0    319     25
    320      1    320      0    320      0    320      0    320      0    320      0    320      0    320     26
    321      0    321      0    321      0    321      0    321      0    321      0    321      0    321     26
    322      0    322      0    322      0    322      0    322      0    322      0    322      0    322     26
    323      0    323      0    323      0    323      0    323      1    323      0    323      0    323     23
    324      0    324      0    324      0    324      0    324      0    324      0    324      0    324     26
    325      0    325      0    325      0    325      0    325      0    325      0    325      0    325     33
    326      0    326      0    326      0    326      0    326      0    326      0    326      0    326     20
    327      0    327      0    327      0    327      0    327      0    327      0    327      0    327     20
    328      0    328      0    328      0    328      0    328      0    328      0    328      0    328     29
    329      0    329      0    329      0    329      0    329      0    329      0    329      0    329     28
    330      0    330      0    330      0    330      0    330      0    330      0    330      0    330     31
    331      0    331      0    331      0    331      0    331      0    331      0    331      0    331     31
    332      0    332      0    332      0    332      0    332      0    332      0    332      0    332     26
    333      0    333      0    333      0    333      0    333      0    333      0    333      0    333     29
    334      0    334      0    334      0    334      0    334      0    334      0    334      0    334     27
    335      0    335      0    335      0    335      0    335      0    335      0    335      0    335     22
    336      0    336      0    336      0    336      0    336      1    336      0    336      0    336     28
    337      0    337      0    337      0    337      0    337      0    337      0    337      0    337     23
    338      0    338      0    338      0    338      0    338      0    338      0    338      0    338     32
    339      0    339      0    339      0    339      0    339      0    339      0    339      0    339     22
    340      0    340      0    340      0    340      0    340      0    340      0    340      0    340     22
    341      0    341      0    341      0    341      0    341      0    341      0    341      0    341     20
    342      0    342      0    342      0    342      0    342      0    342      0    342      0    342     30
    343      0    343      0    343      0    343      0    343      0    343      0    343      0    343     28
    344      0    344      0    344      0    344      0    344      0    344      0    344      0    344     26
    345      0    345      0    345      0    345      0    345      0    345      0    345      0    345     21
    346      0    346      0    346      0    346      0    346      0    346      0    346      0    346     29
    347      0    347      0    347      0    347      0    347      0    347      0    347      0    347     31
    348      0    348      0    348      0    348      0    348      0    348      0    348      0    348     29
    349      0    349      0    349      0    349      0    349      0    349      0    349      0    349     19
    350      0    350      0    350      0    350      0    350      1    350      0    350      0    350     24
    351      0    351      0    351      0    351      0    351      0    351      0    351      0    351     21
    352      0    352      0    352      0    352      0    352      0    352      0    352      0    352     16
    353      0    353      0    353      0    353      0    353      0    353      0    353      0    353     20
    354      0    354      0    354      0    354      0    354      1    354      0    354      0    354     22
    355      0    355      0    355      0    355      0    355      0    355      0    355      0    355     29
    356      0    356      0    356      0    356      0    356      0    356      0    356      0    356     33
    357      0    357      0    357      0    357      0    357      0    357      0    357      0    357     28
    358      0    358      0    358      0    358      0    358      0    358      0    358      0    358     22
    359      0    359      0    359      0    359      0    359      0    359      0    359      0    359     23
    360      0    360      0    360      0    360      0    360      0    360      0    360      0    360     25
    361      0    361      0    361      0    361      0    361      0    361      0    361      0    361     24
    362      0    362      0    362      0    362      0    362      0    362      0    362      0    362     20
    363      0    363      0    363      0    363      0    363      0    363      0    363      0    363     19
    364      0    364      0    364      0    364      0    364      0    364      0    364      0    364     19
    365      0    365      0    365      0    365      0    365      0    365      0    365      0    365     26
    366      0    366      0    366      0    366      0    366      0    366      0    366      0    366     20
    367      0    367      0    367      0    367      0    367      0    367      0    367      0    367     20
    368      0    368      0    368      0    368      0    368      0    368      0    368      0    368     27
    369      0    369      0    369      0    369      0    369      0    369      0    369      0    369     18
    370      0    370      0    370      0    370      0    370      0    370      0    370      0    370      8
    371      0    371      0    371      0    371      0    371      0    371      0    371      0    371     25
    372      0    372      0    372      0    372      0    372      0    372      0    372      0    372     27
    373      0    373      0    373      0    373      0    373      0    373      0    373      0    373     26
    374      0    374      0    374      0    374      0    374      0    374      0    374      0    374     20
    375      0    375      0    375      0    375      0    375      0    375      0    375      0    375     24
    376      0    376      0    376      0    376      0    376      0    376      0    376      0    376     20
    377      0    377      0    377      0    377      0    377      0    377      0    377      0    377     19
    378      0    378      0    378      0    378      0    378      0    378      0    378      0    378      5
    379      0    379      0    379      0    379      0    379      0    379      0    379      0    379      0
    380      0    380      0    380      0    380      0    380      0    380      0    380      0    380      0
    381      0    381      0    381      0    381      0    381      0    381      0    381      0    381      0
    382      0    382      0    382      0    382      0    382      0    382      0    382      0    382      0
    383      0    383      0    383      0    383      0    383      0    383      0    383      0    383      0
    384      0    384      0    384      0    384      0    384      0    384      0    384      0    384      0
    385      0    385      0    385      0    385      0    385      0    385      0    385      0    385      0
    386      0    386      0    386      0    386      0    386      0    386      0    386      0    386      0
    387      0    387      0    387      0    387      0    387      0    387      0    387      0    387      0
    388      0    388      0    388      0    388      0    388      0    388      0    388      0    388      0
    389      0    389      0    389      0    389      0    389      0    389      0    389      0    389      0
    390      0    390      0    390      0    390      0    390      0    390      0    390      0    390      0
    391      0    391      0    391      0    391      0    391      0    391      0    391      0    391      0
    392      0    392      0    392      0    392      0    392      0    392      0    392      0    392      0
    393      0    393      0    393      0    393      0    393      0    393      0    393      0    393      0
    394      0    394      0    394      0    394      0    394      0    394      0    394      0    394      0
    395      0    395      0    395      0    395      0    395      0    395      0    395      0    395      0
    396      0    396      0    396      0    396      0    396      0    396      0    396      0    396      0
    397      0    397      0    397      0    397      0    397      0    397      0    397      0    397      0
    398      0    398      0    398      0    398      0    398      0    398      0    398      0    398      0
    399      0    399      0    399      0    399      0    399      0    399      0    399      0    399      0
    400      0    400      0    400      0    400      0    400      0    400      0    400      0    400      0
    401      0    401      0    401      0    401      0    401      0    401      0    401      0    401      0
    402      0    402      0    402      0    402      0    402      0    402      0    402      0    402      0
    403      0    403      0    403      0    403      0    403      0    403      0    403      0    403      0
    404      0    404      0    404      0    404      0    404      0    404      0    404      0    404      0
    405      0    405      0    405      0    405      0    405      0    405      0    405      0    405      0
    406      0    406      0    406      0    406      0    406      1    406      0    406      0    406      0
    407      0    407      0    407      0    407      0    407      0    407      0    407      0    407      0
    408      0    408      0    408      0    408      0    408      0    408      0    408      0    408      0
    409      0    409      0    409      0    409      0    409      1    409      0    409      0    409      0
    410      0    410      0    410      0    410      0    410      0    410      0    410      0    410      0
    411      0    411      0    411      0    411      0    411      0    411      0    411      0    411      0
    412      0    412      0    412      0    412      0    412      0    412      0    412      0    412      0
    413      0    413      0    413      0    413      0    413      0    413      0    413      0    413      0
    414      0    414      0    414      0    414      0    414      0    414      0    414      0    414      0
    415      0    415      0    415      0    415      0    415      0    415      0    415      0    415      0
    416      0    416      0    416      0    416      0    416      0    416      0    416      0    416      0
    417      0    417      0    417      0    417      0    417      0    417      0    417      0    417      0
    418      0    418      0    418      0    418      0    418      0    418      0    418      0    418      0
    419      0    419      0    419      0    419      0    419      0    419      0    419      0    419      0
    420      0    420      0    420      0    420      0    420      0    420      0    420      0    420      0
    421      0    421      0    421      0    421      0    421      0    421      0    421      0    421      0
    422      0    422      0    422      0    422      0    422      0    422      0    422      0    422      0
    423      0    423      0    423      0    423      0    423      0    423      0    423      0    423      0
    424      0    424      0    424      0    424      0    424      0    424      0    424      0    424      0
    425      0    425      0    425      0    425      0    425      0    425      0    425      0    425      0
    426      0    426      0    426      0    426      0    426      0    426      0    426      0    426      0
    427      0    427      0    427      0    427      0    427      0    427      0    427      0    427      0
    428      0    428      0    428      0    428      0    428      0    428      0    428      0    428      0
    429      0    429      0    429      0    429      0    429      0    429      0    429      0    429      0
    430      0    430      0    430      0    430      0    430      0    430      0    430      0    430      0
    431      0    431      0    431      0    431      0    431      0    431      0    431      0    431      0
    432      0    432      0    432      0    432      0    432      0    432      0    432      0    432      0
    433      0    433      0    433      0    433      0    433      0    433      0    433      0    433      0
    434      0    434      0    434      0    434      0    434      0    434      0    434      0    434      0
    435      0    435      0    435      0    435      0    435      0    435      0    435      0    435      0
    436      0    436      0    436      0    436      0    436      1    436      0    436      0    436      0
    437      0    437      0    437      0    437      0    437      0    437      0    437      0    437      0
    438      0    438      0    438      0    438      0    438      0    438      0    438      0    438      0
    439      0    439      0    439      0    439      0    439      0    439      0    439      0    439      0
    440      0    440      0    440      0    440      0    440      0    440      0    440      0    440      0
    441      0    441      0    441      0    441      0    441      0    441      0    441      0    441      0
    442      0    442      0    442      0    442      0    442      0    442      0    442      0    442      0
    443      0    443      0    443      0    443      0    443      0    443      0    443      0    443      0
    444      0    444      0    444      0    444      0    444      0    444      0    444      0    444      0
    445      0    445      0    445      0    445      0    445      0    445      0    445      0    445      0
    446      0    446      0    446      0    446      0    446      0    446      0    446      0    446      0
    447      0    447      0    447      0    447      0    447      0    447      0    447      0    447      0
    448      0    448      0    448      0    448      0    448      0    448      0    448      0    448      0
    449      0    449      0    449      0    449      0    449      0    449      0    449      0    449      0
    450      0    450      0    450      0    450      0    450      0    450      0    450      0    450      0
    451      0    451      0    451      0    451      0    451      1    451      0    451      0    451      0
    452      0    452      0    452      0    452      0    452      0    452      0    452      0    452      0
    453      0    453      0    453      0    453      0    453      0    453      0    453      0    453      0
    454      0    454      0    454      0    454      0    454      0    454      0    454      0    454      0
    455      0    455      0    455      0    455      0    455      0    455      0    455      0    455      0
    456      0    456      0    456      0    456      0    456      0    456      0    456      0    456      0
    457      0    457      0    457      0    457      0    457      0    457      0    457      0    457      0
    458      0    458      0    458      0    458      0    458      0    458      0    458      0    458      0
    459      0    459      0    459      0    459      0    459      0    459      0    459      0    459      0
    460      0    460      0    460      0    460      0    460      0    460      0    460      0    460      0
    461      0    461      0    461      0    461      0    461      1    461      0    461      0    461      0
    462      0    462      0    462      0    462      0    462      0    462      0    462      0    462      0
    463      0    463      0    463      0    463      0    463      1    463      0    463      0    463      0
    464      0    464      0    464      0    464      0    464      1    464      0    464      0    464      0
    465      0    465      0    465      0    465      0    465      0    465      0    465      0    465      0
    466      0    466      0    466      0    466      0    466      0    466      0    466      0    466      0
    467      0    467      0    467      0    467      0    467      0    467      0    467      0    467      0
    468      0    468      0    468      0    468      0    468      0    468      0    468      0    468      0
    469      0    469      0    469      0    469      0    469      1    469      0    469      0    469      0
    470      0    470      0    470      0    470      0    470      0    470      0    470      0    470      0
    471      0    471      0    471      0    471      0    471      0    471      0    471      0    471      0
    472      0    472      0    472      0    472      0    472      0    472      0    472      0    472      0
    473      0    473      0    473      0    473      0    473      0    473      0    473      0    473      0
    474      0    474      0    474      0    474      0    474      0    474      0    474      0    474      0
    475      0    475      0    475      0    475      0    475      0    475      0    475      0    475      0
    476      0    476      0    476      0    476      0    476      0    476      0    476      0    476      0
    477      0    477      0    477      0    477      0    477      0    477      0    477      0    477      0
    478      0    478      0    478      0    478      0    478      0    478      0    478      0    478      0
    479      0    479      0    479      0    479      0    479      0    479      0    479      0    479      0
    480      0    480      0    480      0    480      0    480      0    480      0    480      0    480      0
    481      0    481      0    481      0    481      0    481      0    481      0    481      0    481      0
    482      0    482      0    482      0    482      0    482      0    482      0    482      0    482      0
    483      0    483      0    483      0    483      0    483      0    483      0    483      0    483      0
    484      0    484      0    484      0    484      0    484      0    484      0    484      0    484      0
    485      0    485      0    485      0    485      0    485      0    485      0    485      0    485      0
    486      0    486      0    486      0    486      0    486      0    486      0    486      0    486      0
    487      0    487      0    487      0    487      0    487      1    487      0    487      0    487      0
    488      0    488      0    488      0    488      0    488      0    488      0    488      0    488      0
    489      0    489      0    489      0    489      0    489      0    489      0    489      0    489      0
    490      0    490      0    490      0    490      0    490      0    490      0    490      0    490      0
    491      0    491      0    491      0    491      0    491      0    491      0    491      0    491      0
    492      0    492      0    492      0    492      0    492      0    492      0    492      0    492      0
    493      0    493      0    493      0    493      0    493      0    493      0    493      0    493      0
    494      0    494      0    494      0    494      0    494      1    494      0    494      0    494      0
    495      0    495      0    495      0    495      0    495      0    495      0    495      0    495      0
    496      0    496      0    496      0    496      0    496      0    496      0    496      0    496      0
    497      0    497      0    497      0    497      0    497      0    497      0    497      0    497      0
    498      0    498      0    498      0    498      0    498      0    498      0    498      0    498      0
    499      0    499      0    499      0    499      0    499      0    499      0    499      0    499      0
    500      0    500      0    500      0    500      0    500      0    500      0    500      0    500      0
    501      0    501      0    501      0    501      0    501      0    501      0    501      0    501      0
    502      0    502      0    502      0    502      0    502      0    502      0    502      0    502      0
    503      0    503      0    503      0    503      0    503      2    503      0    503      0    503      0
    504      0    504      0    504      0    504      0    504      0    504      0    504      0    504      0
    505      0    505      0    505      0    505      0    505      0    505      0    505      0    505      0
    506      0    506      0    506      0    506      0    506      0    506      0    506      0    506      0
    507      0    507      0    507      0    507      0    507      0    507      0    507      0    507      0
    508      0    508      0    508      0    508      0    508      0    508      0    508      0    508      0
    509      0    509      0    509      0    509      0    509      0    509      0    509      0    509      0
    510      0    510      0    510      0    510      0    510      0    510      0    510      0    510      0
    511      0    511      0    511      0    511      0    511      0    511      0    511      0    511      0
    512      0    512      0    512      0    512      0    512      0    512      0    512      0    512      0
